

El valor de la semilla es:  1

Primero HoeffdingTree: 
learning evaluation instances,evaluation time (cpu seconds),model cost (RAM-Hours),classified instances,classifications correct (percent),Kappa Statistic (percent),Kappa Temporal Statistic (percent),Kappa M Statistic (percent),model training instances,model serialized size (bytes),tree size (nodes),tree size (leaves),active learning leaves,tree depth,active leaf byte size estimate,inactive leaf byte size estimate,byte size estimate overhead
100000.0,0.768315,6.626143713171283E-8,100000.0,89.0,78.05022109413662,77.77777777777779,76.79324894514768,100000.0,333368.0,169.0,85.0,85.0,12.0,0.0,0.0,1.0
200000.0,1.283889,1.568527001577119E-7,200000.0,87.9,75.85254486237946,74.68619246861925,74.94824016563147,200000.0,679200.0,345.0,173.0,173.0,12.0,0.0,0.0,1.0
300000.0,1.719382,2.67278027077102E-7,300000.0,86.5,73.21598628658498,72.50509164969449,70.84233261339092,300000.0,980144.0,499.0,250.0,250.0,14.0,0.0,0.0,1.0
400000.0,2.146566,4.024997286726203E-7,400000.0,75.0,49.41319303925536,50.0998003992016,43.438914027149316,400000.0,1223584.0,619.0,310.0,310.0,14.0,0.0,0.0,1.0
500000.0,2.604666,5.798554036993947E-7,500000.0,88.0,76.01841785508729,74.63002114164905,75.0,500000.0,1496536.0,761.0,381.0,381.0,15.0,0.0,0.0,1.0
600000.0,3.053585,7.853504971725245E-7,600000.0,77.9,55.581103678929765,54.33884297520662,54.805725971370144,600000.0,1769440.0,895.0,448.0,448.0,15.0,0.0,0.0,1.0
700000.0,3.517292,1.0287942672645052E-6,700000.0,63.7,26.469992464693448,25.308641975308642,22.601279317697227,700000.0,2029352.0,1027.0,514.0,514.0,15.0,0.0,0.0,1.0
800000.0,3.981825,1.3005868979605535E-6,800000.0,77.60000000000001,55.60277165554094,53.90946502057613,53.52697095435685,800000.0,2261640.0,1147.0,574.0,574.0,15.0,0.0,0.0,1.0
900000.0,4.453561,1.6145381086381772E-6,900000.0,61.5,22.92662614809298,22.690763052208833,20.289855072463762,900000.0,2572560.0,1301.0,651.0,651.0,16.0,0.0,0.0,1.0
1000000.0,5.016465,2.024749494722734E-6,1000000.0,79.5,58.70265914585012,59.56607495069034,56.842105263157904,1000000.0,2816928.0,1431.0,716.0,716.0,17.0,3806.2346368715084,0.0,1.0336349065631807
1100000.0,5.500446,2.4141248462038737E-6,1100000.0,82.89999999999999,65.31749701852166,65.45454545454544,63.066954643628506,1100000.0,3109872.0,1573.0,787.0,787.0,17.0,3806.2346368715084,0.0,1.0336349065631807
1200000.0,5.97437,2.8225919625597695E-6,1200000.0,75.0,49.800809612542565,51.830443159922936,49.1869918699187,1200000.0,3331584.0,1687.0,844.0,844.0,17.0,3806.2346368715084,0.0,1.0336349065631807
1300000.0,6.459343,3.271065486628148E-6,1300000.0,69.69999999999999,37.13797281372922,40.118577075098806,32.96460176991149,1300000.0,3574552.0,1803.0,902.0,902.0,17.0,3806.2346368715084,0.0,1.0336349065631807
1400000.0,6.956372,3.7667533060659965E-6,1400000.0,68.2,35.298785326252826,34.836065573770504,31.759656652360523,1400000.0,3855040.0,1953.0,977.0,977.0,17.0,3806.2346368715084,0.0,1.0336349065631807
1500000.0,7.46258,4.307561214839418E-6,1500000.0,76.3,52.66664536332842,50.829875518672196,51.533742331288344,1500000.0,4129680.0,2083.0,1042.0,1042.0,17.0,3806.2346368715084,0.0,1.0336349065631807
1600000.0,7.973231,4.883372258612265E-6,1600000.0,83.7,67.41954827103737,68.28793774319065,67.52988047808765,1600000.0,4358712.0,2211.0,1106.0,1106.0,17.0,3806.2346368715084,0.0,1.0336349065631807
1700000.0,8.487105,5.495878039455662E-6,1700000.0,73.6,47.193240734814054,45.90163934426229,48.4375,1700000.0,4607400.0,2331.0,1166.0,1166.0,17.0,3806.2346368715084,0.0,1.0336349065631807
1800000.0,9.011434,6.150400791159935E-6,1800000.0,73.0,44.552828832529,44.558521560574945,40.65934065934065,1800000.0,4825288.0,2439.0,1220.0,1220.0,17.0,3806.2346368715084,0.0,1.0336349065631807
1900000.0,9.527166,6.820195998772979E-6,1900000.0,60.6,22.27447762136228,18.426501035196683,15.086206896551715,1900000.0,5020192.0,2549.0,1275.0,1275.0,17.0,3806.2346368715084,0.0,1.0336349065631807
2000000.0,10.167153,7.691537276717524E-6,2000000.0,76.6,52.55878453173087,53.663366336633665,51.04602510460251,2000000.0,5262832.0,2661.0,1331.0,1331.0,17.0,3826.031555221638,0.0,1.0334581717869284

Ahora HoeffdingAdaptativeTree
learning evaluation instances,evaluation time (cpu seconds),model cost (RAM-Hours),classified instances,classifications correct (percent),Kappa Statistic (percent),Kappa Temporal Statistic (percent),Kappa M Statistic (percent),model training instances,model serialized size (bytes),tree size (nodes),tree size (leaves),active learning leaves,tree depth,active leaf byte size estimate,inactive leaf byte size estimate,byte size estimate overhead
100000.0,1.427502,6.523240804672242E-9,100000.0,96.5,92.9788241335869,92.92929292929293,92.61603375527426,100000.0,17664.0,156.0,23.0,23.0,2.0,0.0,0.0,1.0
200000.0,2.426417,1.1464231680664751E-8,200000.0,99.3,98.59885666704031,98.53556485355648,98.55072463768116,200000.0,19120.0,371.0,86.0,86.0,2.0,0.0,0.0,1.0
300000.0,3.390095,1.723013893597656E-8,300000.0,98.5,96.99393978260173,96.94501018329939,96.76025917926565,300000.0,23128.0,573.0,161.0,161.0,2.0,0.0,0.0,1.0
400000.0,4.345732,2.0357027776125404E-8,400000.0,98.8,97.57183326588425,97.60479041916167,97.28506787330316,400000.0,12648.0,788.0,231.0,231.0,1.0,0.0,0.0,1.0
500000.0,5.370836,2.1772109032091166E-8,500000.0,95.19999999999999,90.4122722914669,89.8520084566596,89.99999999999999,500000.0,5336.0,978.0,271.0,271.0,0.0,0.0,0.0,1.0
600000.0,6.291313,2.585838651077615E-8,600000.0,97.3,94.6037989255564,94.42148760330578,94.47852760736197,600000.0,17160.0,1223.0,384.0,384.0,1.0,0.0,0.0,1.0
700000.0,7.313932,3.7202387704617445E-8,700000.0,97.3,94.58522850335716,94.44444444444444,94.24307036247335,700000.0,42880.0,1487.0,479.0,479.0,4.0,0.0,0.0,1.0
800000.0,8.258281,5.131923626901375E-8,800000.0,97.1,94.19958236993064,94.03292181069959,93.98340248962656,800000.0,57784.0,1721.0,565.0,565.0,4.0,0.0,0.0,1.0
900000.0,9.206206,5.67436989934908E-8,900000.0,97.1,94.19051892688867,94.17670682730923,93.99585921325051,900000.0,22120.0,1925.0,633.0,633.0,2.0,0.0,0.0,1.0
1000000.0,10.130391,6.25678661196596E-8,1000000.0,97.89999999999999,95.78905153398837,95.85798816568047,95.57894736842105,1000000.0,24360.0,2124.0,700.0,700.0,3.0,0.0,0.0,1.0
1100000.0,11.059448,7.537936047133471E-8,1100000.0,96.7,93.36267166544646,93.33333333333333,92.87257019438444,1100000.0,53304.0,2346.0,780.0,780.0,4.0,0.0,0.0,1.0
1200000.0,12.00767,8.059946597036387E-8,1200000.0,98.4,96.79918059023109,96.91714836223507,96.74796747967478,1200000.0,21280.0,2530.0,821.0,821.0,3.0,0.0,0.0,1.0
1300000.0,12.99752,9.022378512140776E-8,1300000.0,91.9,83.38884058208784,83.99209486166008,82.07964601769913,1300000.0,37584.0,2794.0,928.0,928.0,4.0,0.0,0.0,1.0
1400000.0,13.908544,9.32046981445617E-8,1400000.0,96.5,92.96878138936879,92.827868852459,92.48927038626609,1400000.0,12648.0,2958.0,962.0,962.0,1.0,0.0,0.0,1.0
1500000.0,14.850924,9.762030195444822E-8,1500000.0,97.5,94.99823938026185,94.81327800829875,94.88752556237219,1500000.0,18112.0,3169.0,1032.0,1032.0,2.0,0.0,0.0,1.0
1600000.0,15.793407,1.005812644958496E-7,1600000.0,98.9,97.79903157389252,97.85992217898833,97.80876494023904,1600000.0,12144.0,3391.0,1117.0,1117.0,1.0,0.0,0.0,1.0
1700000.0,16.707532,1.0309557079647977E-7,1700000.0,95.3,90.59473305050828,90.36885245901638,90.82031249999999,1700000.0,10632.0,3548.0,1136.0,1136.0,1.0,0.0,0.0,1.0
1800000.0,17.680219,1.0995211644098162E-7,1800000.0,91.10000000000001,82.28926211892065,81.72484599589322,80.43956043956044,1800000.0,27248.0,3762.0,1187.0,1187.0,3.0,0.0,0.0,1.0
1900000.0,18.609163,1.2533442152664064E-7,1900000.0,91.7,83.30141153369493,82.81573498964804,82.11206896551725,1900000.0,64008.0,3952.0,1238.0,1238.0,4.0,0.0,0.0,1.0
2000000.0,19.544109,1.362940892887612E-7,2000000.0,96.6,93.19071213134715,93.26732673267327,92.88702928870293,2000000.0,45312.0,4129.0,1286.0,1286.0,4.0,0.0,0.0,1.0


El valor de la semilla es:  2

Primero HoeffdingTree: 
learning evaluation instances,evaluation time (cpu seconds),model cost (RAM-Hours),classified instances,classifications correct (percent),Kappa Statistic (percent),Kappa Temporal Statistic (percent),Kappa M Statistic (percent),model training instances,model serialized size (bytes),tree size (nodes),tree size (leaves),active learning leaves,tree depth,active leaf byte size estimate,inactive leaf byte size estimate,byte size estimate overhead
100000.0,0.729987,3.593251690268517E-8,100000.0,82.0,22.70962866270479,29.133858267716516,-16.883116883116895,100000.0,190272.0,97.0,49.0,49.0,9.0,0.0,0.0,1.0
200000.0,1.138361,7.757250848743651E-8,200000.0,86.0,48.33528921167032,56.79012345679011,27.461139896373034,200000.0,394144.0,199.0,100.0,100.0,11.0,0.0,0.0,1.0
300000.0,1.500026,1.2945281449291441E-7,300000.0,84.8,30.36530726308172,45.907473309608534,8.982035928143718,300000.0,554496.0,279.0,140.0,140.0,11.0,0.0,0.0,1.0
400000.0,1.86827,2.0010132822725507E-7,400000.0,81.3,23.51237708807119,36.39455782312924,-4.469273743016763,400000.0,741600.0,375.0,188.0,188.0,13.0,0.0,0.0,1.0
500000.0,2.246889,2.8883529181281727E-7,500000.0,84.89999999999999,27.155896030719912,44.07407407407407,6.790123456790129,500000.0,905920.0,453.0,227.0,227.0,13.0,0.0,0.0,1.0
600000.0,2.61241,3.864679188798699E-7,600000.0,81.5,18.502202643171774,35.540069686411144,-5.714285714285718,600000.0,1032488.0,517.0,259.0,259.0,13.0,0.0,0.0,1.0
700000.0,2.982685,5.014118097122345E-7,700000.0,87.3,47.30640289441365,58.496732026143796,26.589595375722556,700000.0,1199952.0,605.0,303.0,303.0,14.0,0.0,0.0,1.0
800000.0,3.352382,6.309569968014127E-7,800000.0,83.8,29.019594097234375,45.27027027027027,8.988764044943826,800000.0,1354496.0,679.0,340.0,340.0,14.0,0.0,0.0,1.0
900000.0,3.722255,7.746596122636564E-7,900000.0,79.4,13.828443306645264,32.459016393442646,-13.812154696132545,900000.0,1501808.0,753.0,377.0,377.0,15.0,0.0,0.0,1.0
1000000.0,4.172645,9.670157657170461E-7,1000000.0,81.0,27.542864116175476,37.50000000000003,1.0416666666666679,1000000.0,1650896.0,835.0,418.0,418.0,16.0,3821.4736842105262,0.0,1.0335049481149083
1100000.0,4.548846,1.1437053535319864E-6,1100000.0,82.0,33.74753393598539,42.12218649517684,9.090909090909046,1100000.0,1815488.0,915.0,458.0,458.0,16.0,3821.4736842105262,0.0,1.0335049481149083
1200000.0,4.947675,1.3537620518232385E-6,1200000.0,82.89999999999999,33.46303501945521,47.22222222222221,14.499999999999961,1200000.0,2035880.0,1023.0,512.0,512.0,16.0,3821.4736842105262,0.0,1.0335049481149083
1300000.0,5.331841,1.5713208249418272E-6,1300000.0,86.4,25.442684063373743,50.36496350364964,9.933774834437093,1300000.0,2189072.0,1101.0,551.0,551.0,16.0,3821.4736842105262,0.0,1.0335049481149083
1400000.0,5.721823,1.8082226451817487E-6,1400000.0,83.6,19.494978253826407,36.92307692307691,-1.8633540372670823,1400000.0,2348152.0,1179.0,590.0,590.0,16.0,3821.4736842105262,0.0,1.0335049481149083
1500000.0,6.11048,2.057126696931405E-6,1500000.0,82.89999999999999,18.61018562589248,41.836734693877546,2.285714285714287,1500000.0,2475528.0,1247.0,624.0,624.0,16.0,3821.4736842105262,0.0,1.0335049481149083
1600000.0,6.511432,2.3315407293972867E-6,1600000.0,81.10000000000001,16.58575337629096,38.032786885245926,-2.162162162162103,1600000.0,2645552.0,1337.0,669.0,669.0,16.0,3821.4736842105262,0.0,1.0335049481149083
1700000.0,6.926263,2.6339920164768892E-6,1700000.0,82.89999999999999,13.706096083972577,34.23076923076921,-8.917197452229306,1700000.0,2818296.0,1417.0,709.0,709.0,16.0,3821.4736842105262,0.0,1.0335049481149083
1800000.0,7.328573,2.9409984629559847E-6,1800000.0,82.89999999999999,22.7502710516805,35.47169811320753,-9.615384615384622,1800000.0,2949776.0,1483.0,742.0,742.0,17.0,3821.4736842105262,0.0,1.0335049481149083
1900000.0,7.745205,3.2766795513571963E-6,1900000.0,81.8,20.339650720006965,38.72053872053871,1.6216216216216228,1900000.0,3114416.0,1567.0,784.0,784.0,17.0,3821.4736842105262,0.0,1.0335049481149083
2000000.0,8.220452,3.676466937218275E-6,2000000.0,86.5,39.82562804214883,48.07692307692307,14.556962025316466,2000000.0,3251712.0,1635.0,818.0,818.0,17.0,3847.1784841075796,0.0,1.033276220594142

Ahora HoeffdingAdaptativeTree
learning evaluation instances,evaluation time (cpu seconds),model cost (RAM-Hours),classified instances,classifications correct (percent),Kappa Statistic (percent),Kappa Temporal Statistic (percent),Kappa M Statistic (percent),model training instances,model serialized size (bytes),tree size (nodes),tree size (leaves),active learning leaves,tree depth,active leaf byte size estimate,inactive leaf byte size estimate,byte size estimate overhead
100000.0,1.320652,8.205153263277476E-9,100000.0,94.39999999999999,76.91445155332761,77.9527559055118,63.63636363636361,100000.0,24016.0,173.0,68.0,68.0,3.0,0.0,0.0,1.0
200000.0,2.301259,9.558809658305512E-9,200000.0,88.4,67.83335459289783,64.19753086419753,39.896373056994804,200000.0,5336.0,339.0,110.0,110.0,0.0,0.0,0.0,1.0
300000.0,3.262779,1.5715768463495703E-8,300000.0,97.2,90.12519837771116,90.03558718861208,83.23353293413173,300000.0,24752.0,501.0,152.0,152.0,2.0,0.0,0.0,1.0
400000.0,4.186266,1.861705200332734E-8,400000.0,90.8,69.23632521216906,68.70748299319729,48.603351955307296,400000.0,12144.0,680.0,219.0,219.0,1.0,0.0,0.0,1.0
500000.0,5.111855,2.4785297817240157E-8,500000.0,96.8,87.97462646183448,88.14814814814814,80.2469135802469,500000.0,25760.0,842.0,265.0,265.0,3.0,0.0,0.0,1.0
600000.0,5.98758,3.3553715482768085E-8,600000.0,95.0,83.57154591752915,82.57839721254354,71.4285714285714,600000.0,38704.0,1006.0,318.0,318.0,4.0,0.0,0.0,1.0
700000.0,6.895876,4.2371925763371916E-8,700000.0,92.30000000000001,72.2662440570523,74.83660130718957,55.49132947976882,700000.0,37528.0,1119.0,312.0,312.0,4.0,0.0,0.0,1.0
800000.0,7.832557,4.672011664344205E-8,800000.0,94.3,80.12801740367316,80.74324324324323,67.97752808988761,800000.0,17944.0,1271.0,351.0,351.0,2.0,0.0,0.0,1.0
900000.0,8.752058,4.960887752059433E-8,900000.0,96.39999999999999,87.6447452415109,88.1967213114754,80.11049723756905,900000.0,12144.0,1341.0,310.0,310.0,1.0,0.0,0.0,1.0
1000000.0,9.63642,5.580437753763464E-8,1000000.0,95.1,84.89705338429292,83.88157894736841,74.47916666666664,1000000.0,27080.0,1462.0,323.0,323.0,2.0,0.0,0.0,1.0
1100000.0,10.558369,5.977698120392031E-8,1100000.0,92.7,75.17310805479602,76.52733118971064,63.13131313131315,1100000.0,16656.0,1613.0,373.0,373.0,2.0,0.0,0.0,1.0
1200000.0,11.460468,6.106146980904871E-8,1200000.0,95.5,86.8497954412624,86.1111111111111,77.49999999999999,1200000.0,5504.0,1772.0,403.0,403.0,0.0,0.0,0.0,1.0
1300000.0,12.340356,6.390226294183069E-8,1300000.0,97.2,89.0196939631846,89.7810218978102,81.4569536423841,1300000.0,12480.0,1879.0,411.0,411.0,1.0,0.0,0.0,1.0
1400000.0,13.253426,6.794243062949843E-8,1400000.0,94.89999999999999,81.62930090484697,80.38461538461536,68.3229813664596,1400000.0,17104.0,2009.0,435.0,435.0,2.0,0.0,0.0,1.0
1500000.0,14.198415,7.72127076279786E-8,1500000.0,94.1,79.88407773610636,79.93197278911563,66.28571428571426,1500000.0,37920.0,2152.0,454.0,454.0,3.0,0.0,0.0,1.0
1600000.0,15.121977,7.999380801286963E-8,1600000.0,93.10000000000001,75.64247387743578,77.37704918032789,62.70270270270274,1600000.0,11640.0,2280.0,472.0,472.0,1.0,0.0,0.0,1.0
1700000.0,15.991395,8.249850664701727E-8,1700000.0,87.9,47.009774725852225,53.46153846153846,22.9299363057325,1700000.0,11136.0,2368.0,450.0,450.0,1.0,0.0,0.0,1.0
1800000.0,16.891598,9.36377739513086E-8,1800000.0,96.0,83.97230414155659,84.90566037735849,74.35897435897434,1800000.0,47832.0,2497.0,464.0,464.0,5.0,0.0,0.0,1.0
1900000.0,17.808804,9.963056430841485E-8,1900000.0,96.39999999999999,88.06168131321505,87.87878787878786,80.54054054054053,1900000.0,25256.0,2605.0,463.0,463.0,3.0,0.0,0.0,1.0
2000000.0,18.71458,1.0675029203916589E-7,2000000.0,95.3,82.19831830921899,81.9230769230769,70.253164556962,2000000.0,30384.0,2710.0,448.0,448.0,3.0,0.0,0.0,1.0


El valor de la semilla es:  3

Primero HoeffdingTree: 
learning evaluation instances,evaluation time (cpu seconds),model cost (RAM-Hours),classified instances,classifications correct (percent),Kappa Statistic (percent),Kappa Temporal Statistic (percent),Kappa M Statistic (percent),model training instances,model serialized size (bytes),tree size (nodes),tree size (leaves),active learning leaves,tree depth,active leaf byte size estimate,inactive leaf byte size estimate,byte size estimate overhead
100000.0,0.790342,7.974019584556421E-8,100000.0,81.6,59.871589085072216,62.753036437246955,53.06122448979591,100000.0,390000.0,195.0,98.0,98.0,9.0,0.0,0.0,1.0
200000.0,1.270365,1.6370928226659697E-7,200000.0,86.5,72.41001577738356,73.6328125,66.33416458852868,200000.0,676176.0,341.0,171.0,171.0,11.0,0.0,0.0,1.0
300000.0,1.687205,2.6068303987797764E-7,300000.0,73.2,42.126630387837956,43.09978768577494,27.567567567567565,300000.0,899264.0,455.0,228.0,228.0,12.0,0.0,0.0,1.0
400000.0,2.122211,3.915871382546094E-7,400000.0,76.9,52.418225261596774,51.47058823529412,39.05013192612138,400000.0,1163216.0,583.0,292.0,292.0,13.0,0.0,0.0,1.0
500000.0,2.583851,5.666588878424632E-7,500000.0,79.9,56.99578087959676,58.21205821205822,47.92746113989639,500000.0,1465936.0,739.0,370.0,370.0,14.0,0.0,0.0,1.0
600000.0,3.023408,7.596829076028533E-7,600000.0,73.9,41.00841703658835,44.70338983050847,31.853785900783286,600000.0,1697456.0,853.0,427.0,427.0,14.0,0.0,0.0,1.0
700000.0,3.473201,9.83377706642366E-7,700000.0,69.0,28.841960289222985,34.73684210526314,19.060052219321136,700000.0,1922408.0,969.0,485.0,485.0,14.0,0.0,0.0,1.0
800000.0,3.925188,1.2325943968176014E-6,800000.0,71.1,38.855648553269624,40.657084188911696,22.102425876010773,800000.0,2131344.0,1079.0,540.0,540.0,14.0,0.0,0.0,1.0
900000.0,4.363468,1.4930241586247252E-6,900000.0,67.7,32.47142056715644,24.708624708624725,10.526315789473694,900000.0,2296896.0,1161.0,581.0,581.0,15.0,0.0,0.0,1.0
1000000.0,4.904424,1.8485086382904814E-6,1000000.0,72.8,38.010784300319514,40.74074074074073,27.077747989276133,1000000.0,2540160.0,1279.0,640.0,640.0,15.0,3840.975,0.0,1.033331380704118
1100000.0,5.369308,2.1835480551400945E-6,1100000.0,64.0,24.349404881985066,24.210526315789473,9.090909090909099,1100000.0,2785824.0,1405.0,703.0,703.0,15.0,3840.975,0.0,1.033331380704118
1200000.0,5.831432,2.5421154929014545E-6,1200000.0,80.0,57.31384568101491,58.50622406639005,48.186528497409334,1200000.0,2999264.0,1509.0,755.0,755.0,15.0,3840.975,0.0,1.033331380704118
1300000.0,6.289698,2.9147735315913127E-6,1300000.0,74.3,45.87969709477159,48.2897384305835,35.26448362720403,1300000.0,3143368.0,1585.0,793.0,793.0,15.0,3840.975,0.0,1.033331380704118
1400000.0,6.765202,3.3286598915544647E-6,1400000.0,73.8,43.64403680775734,46.090534979423865,32.992327365728904,1400000.0,3364568.0,1699.0,850.0,850.0,15.0,3840.975,0.0,1.033331380704118
1500000.0,7.245796,3.7733823748740054E-6,1500000.0,81.39999999999999,61.11845075839925,63.24110671936758,53.26633165829144,1500000.0,3576952.0,1807.0,904.0,904.0,15.0,3840.975,0.0,1.033331380704118
1600000.0,7.7292,4.2456394769230644E-6,1600000.0,65.0,20.91181893777795,29.718875502008036,10.714285714285724,1600000.0,3776336.0,1899.0,950.0,950.0,16.0,3840.975,0.0,1.033331380704118
1700000.0,8.200987,4.7231689371872275E-6,1700000.0,79.7,54.654300469986964,58.57142857142858,46.010638297872354,1700000.0,3912520.0,1969.0,985.0,985.0,16.0,3840.975,0.0,1.033331380704118
1800000.0,8.683552,5.229565555734767E-6,1800000.0,73.2,43.520922547796474,43.220338983050844,31.632653061224485,1800000.0,4056368.0,2045.0,1023.0,1023.0,16.0,3840.975,0.0,1.033331380704118
1900000.0,9.178566,5.773118757593135E-6,1900000.0,66.8,23.888473688795564,27.51091703056769,5.949008498583575,1900000.0,4244504.0,2135.0,1068.0,1068.0,16.0,3840.975,0.0,1.033331380704118
2000000.0,9.765485,6.442155940247078E-6,2000000.0,52.900000000000006,-0.10626992561104036,0.8421052631578956,-25.599999999999994,2000000.0,4406304.0,2223.0,1112.0,1112.0,17.0,3834.4892086330933,0.0,1.0333849912006514

Ahora HoeffdingAdaptativeTree
learning evaluation instances,evaluation time (cpu seconds),model cost (RAM-Hours),classified instances,classifications correct (percent),Kappa Statistic (percent),Kappa Temporal Statistic (percent),Kappa M Statistic (percent),model training instances,model serialized size (bytes),tree size (nodes),tree size (leaves),active learning leaves,tree depth,active leaf byte size estimate,inactive leaf byte size estimate,byte size estimate overhead
100000.0,1.482804,1.484694942831993E-8,100000.0,97.89999999999999,95.56430490545632,95.74898785425101,94.64285714285714,100000.0,38704.0,246.0,98.0,98.0,3.0,0.0,0.0,1.0
200000.0,2.423839,2.555859223835998E-8,200000.0,97.1,93.96582576634013,94.3359375,92.76807980049875,200000.0,44000.0,415.0,146.0,146.0,5.0,0.0,0.0,1.0
300000.0,3.44195,3.0329040264089904E-8,300000.0,97.6,94.89752529977038,94.90445859872611,93.51351351351352,300000.0,18112.0,622.0,213.0,213.0,2.0,0.0,0.0,1.0
400000.0,4.40852,4.0049075223505496E-8,400000.0,98.0,95.7815340873138,95.79831932773108,94.72295514511873,400000.0,38872.0,806.0,261.0,261.0,3.0,0.0,0.0,1.0
500000.0,5.366586,4.962807320886188E-8,500000.0,96.3,92.14510746342167,92.3076923076923,90.41450777202071,500000.0,38648.0,981.0,310.0,310.0,5.0,0.0,0.0,1.0
600000.0,6.384615,5.949898705093397E-8,600000.0,96.8,93.18200219028179,93.22033898305084,91.64490861618798,600000.0,37480.0,1217.0,398.0,398.0,4.0,0.0,0.0,1.0
700000.0,7.364055,6.253348782865538E-8,700000.0,97.3,94.23869717738837,94.3157894736842,92.95039164490862,700000.0,11976.0,1380.0,430.0,430.0,1.0,0.0,0.0,1.0
800000.0,8.293112,6.83345201652911E-8,800000.0,97.8,95.30698704301786,95.48254620123203,94.07008086253369,800000.0,24136.0,1611.0,516.0,516.0,2.0,0.0,0.0,1.0
900000.0,9.263739,7.74063295746843E-8,900000.0,96.5,92.36308095134191,91.84149184149184,90.30470914127423,900000.0,36128.0,1804.0,572.0,572.0,4.0,0.0,0.0,1.0
1000000.0,10.222498,8.966107679324017E-8,1000000.0,96.6,92.69931931888942,92.59259259259258,90.88471849865951,1000000.0,49408.0,1955.0,589.0,589.0,5.0,0.0,0.0,1.0
1100000.0,11.131922,9.222832818412118E-8,1100000.0,98.8,97.49582637729549,97.47368421052632,96.96969696969697,1100000.0,10912.0,2079.0,592.0,592.0,1.0,0.0,0.0,1.0
1200000.0,12.009717,9.74422272046407E-8,1200000.0,97.6,94.9416604842517,95.0207468879668,93.78238341968913,1200000.0,22960.0,2222.0,611.0,611.0,2.0,0.0,0.0,1.0
1300000.0,12.946141,1.004248530169328E-7,1300000.0,98.4,96.64664433890688,96.78068410462777,95.96977329974811,1300000.0,12312.0,2419.0,666.0,666.0,1.0,0.0,0.0,1.0
1400000.0,13.895092,1.0980273536716897E-7,1400000.0,94.5,88.58182059756523,88.68312757201645,85.93350383631713,1400000.0,38200.0,2558.0,681.0,681.0,3.0,0.0,0.0,1.0
1500000.0,14.826761,1.1236529654512801E-7,1500000.0,81.0,63.201115587232735,62.4505928853755,52.26130653266333,1500000.0,10632.0,2715.0,709.0,709.0,1.0,0.0,0.0,1.0
1600000.0,15.745821,1.1926988990356523E-7,1600000.0,98.5,96.85460737112278,96.98795180722891,96.17346938775509,1600000.0,29040.0,2889.0,749.0,749.0,3.0,0.0,0.0,1.0
1700000.0,16.654932,1.2817127268140513E-7,1700000.0,96.5,92.52149535905369,92.85714285714285,90.69148936170211,1700000.0,37848.0,3098.0,833.0,833.0,4.0,0.0,0.0,1.0
1800000.0,17.634699,1.4051001818229752E-7,1800000.0,98.7,97.26904525822228,97.2457627118644,96.68367346938776,1800000.0,48680.0,3290.0,898.0,898.0,4.0,0.0,0.0,1.0
1900000.0,18.620835,1.4530208121985194E-7,1900000.0,95.5,90.23021945098174,90.17467248908297,87.25212464589234,1900000.0,18784.0,3459.0,922.0,922.0,2.0,0.0,0.0,1.0
2000000.0,19.595145,1.5115983230372268E-7,2000000.0,98.0,95.75596816976127,95.78947368421052,94.66666666666667,2000000.0,23240.0,3653.0,980.0,980.0,3.0,0.0,0.0,1.0


El valor de la semilla es:  4

Primero HoeffdingTree: 
learning evaluation instances,evaluation time (cpu seconds),model cost (RAM-Hours),classified instances,classifications correct (percent),Kappa Statistic (percent),Kappa Temporal Statistic (percent),Kappa M Statistic (percent),model training instances,model serialized size (bytes),tree size (nodes),tree size (leaves),active learning leaves,tree depth,active leaf byte size estimate,inactive leaf byte size estimate,byte size estimate overhead
100000.0,0.736418,5.416328477362792E-8,100000.0,86.2,71.83305574605663,71.42857142857143,67.6056338028169,100000.0,284304.0,143.0,72.0,72.0,10.0,0.0,0.0,1.0
200000.0,1.192863,1.1920131793452634E-7,200000.0,66.10000000000001,24.13867182255164,32.33532934131737,20.422535211267622,200000.0,550784.0,281.0,141.0,141.0,11.0,0.0,0.0,1.0
300000.0,1.637838,2.1293007834711008E-7,300000.0,81.5,62.11810959128511,61.77685950413222,57.95454545454544,300000.0,814216.0,421.0,211.0,211.0,12.0,0.0,0.0,1.0
400000.0,2.070399,3.3610129224964314E-7,400000.0,88.8,76.29529292245175,75.9656652360515,72.94685990338165,400000.0,1100688.0,557.0,279.0,279.0,13.0,0.0,0.0,1.0
500000.0,2.493403,4.851626680067016E-7,500000.0,79.4,60.20092735703248,59.36883629191322,50.000000000000014,500000.0,1362144.0,687.0,344.0,344.0,14.0,0.0,0.0,1.0
600000.0,2.938471,6.724198775759174E-7,600000.0,80.80000000000001,60.80464791550136,61.90476190476192,56.65914221218963,600000.0,1626352.0,827.0,414.0,414.0,15.0,0.0,0.0,1.0
700000.0,3.374249,8.822848551368548E-7,700000.0,63.2,27.42418983307563,20.68965517241379,8.457711442786078,700000.0,1861560.0,941.0,471.0,471.0,16.0,0.0,0.0,1.0
800000.0,3.808986,1.1150056001088686E-6,800000.0,87.6,74.42328636018614,74.53798767967146,72.32142857142857,800000.0,2069240.0,1047.0,524.0,524.0,17.0,0.0,0.0,1.0
900000.0,4.260126,1.3838331673584052E-6,900000.0,76.3,50.385195109696866,49.46695095948827,41.76904176904178,900000.0,2303376.0,1167.0,584.0,584.0,17.0,0.0,0.0,1.0
1000000.0,4.767082,1.7170273058820104E-6,1000000.0,74.7,47.530838594075334,47.5103734439834,42.36902050113894,1000000.0,2540560.0,1285.0,643.0,643.0,18.0,3823.0793157076205,0.0,1.033487373079927
1100000.0,5.221597,2.041420970523937E-6,1100000.0,57.8,17.08842853101128,10.593220338983038,2.764976958525348,1100000.0,2758840.0,1391.0,696.0,696.0,18.0,3823.0793157076205,0.0,1.033487373079927
1200000.0,5.673829,2.386297790521963E-6,1200000.0,68.0,33.91242570310985,33.74741200828158,28.41163310961969,1200000.0,2947848.0,1487.0,744.0,744.0,18.0,3823.0793157076205,0.0,1.033487373079927
1300000.0,6.125434,2.7471461933437324E-6,1300000.0,68.10000000000001,33.95445134575571,36.956521739130444,23.132530120481945,1300000.0,3088648.0,1565.0,783.0,783.0,18.0,3823.0793157076205,0.0,1.033487373079927
1400000.0,6.590247,3.1415597714111214E-6,1400000.0,79.80000000000001,58.101022169122544,59.840954274353884,51.20772946859905,1400000.0,3280016.0,1649.0,825.0,825.0,18.0,3823.0793157076205,0.0,1.033487373079927
1500000.0,7.060278,3.5627807943150408E-6,1500000.0,55.300000000000004,13.480075254914425,9.696969696969706,-4.683840749414498,1500000.0,3464064.0,1749.0,875.0,875.0,18.0,3823.0793157076205,0.0,1.033487373079927
1600000.0,7.535536,4.011982511033615E-6,1600000.0,76.3,49.46264073694985,48.81209503239741,41.19106699751862,1600000.0,3653544.0,1839.0,920.0,920.0,18.0,3823.0793157076205,0.0,1.033487373079927
1700000.0,8.025828,4.501512644812465E-6,1700000.0,72.1,38.805053518161074,42.59259259259259,31.11111111111111,1700000.0,3859464.0,1945.0,973.0,973.0,18.0,3823.0793157076205,0.0,1.033487373079927
1800000.0,8.520934,5.020214001474282E-6,1800000.0,68.10000000000001,33.9473400863033,37.328094302554035,20.646766169154247,1800000.0,4049688.0,2039.0,1020.0,1020.0,18.0,3823.0793157076205,0.0,1.033487373079927
1900000.0,9.016639,5.566920443233103E-6,1900000.0,76.3,50.812323069643114,52.976190476190474,43.971631205673766,1900000.0,4263176.0,2149.0,1075.0,1075.0,18.0,3823.0793157076205,0.0,1.033487373079927
2000000.0,9.598231,6.2349611641032005E-6,2000000.0,65.3,29.603752302586194,33.01158301158302,21.493212669683253,2000000.0,4440040.0,2239.0,1120.0,1120.0,18.0,3836.307142857143,0.0,1.0333691440615325

Ahora HoeffdingAdaptativeTree
learning evaluation instances,evaluation time (cpu seconds),model cost (RAM-Hours),classified instances,classifications correct (percent),Kappa Statistic (percent),Kappa Temporal Statistic (percent),Kappa M Statistic (percent),model training instances,model serialized size (bytes),tree size (nodes),tree size (leaves),active learning leaves,tree depth,active leaf byte size estimate,inactive leaf byte size estimate,byte size estimate overhead
100000.0,1.3979,1.0461456245846217E-8,100000.0,94.89999999999999,89.44055654478446,89.44099378881987,88.0281690140845,100000.0,28928.0,183.0,57.0,57.0,3.0,0.0,0.0,1.0
200000.0,2.425035,1.6904648362348474E-8,200000.0,95.8,91.41188594984541,91.61676646706586,90.14084507042253,200000.0,24248.0,391.0,132.0,132.0,2.0,0.0,0.0,1.0
300000.0,3.452038,2.0131144132465123E-8,300000.0,97.39999999999999,94.73684210526315,94.62809917355372,94.09090909090908,300000.0,12144.0,599.0,214.0,214.0,1.0,0.0,0.0,1.0
400000.0,4.465781,5.1194847451729914E-8,400000.0,94.19999999999999,87.85696340340004,87.55364806866952,85.9903381642512,400000.0,118448.0,844.0,308.0,308.0,5.0,0.0,0.0,1.0
500000.0,5.476716,5.622249262614383E-8,500000.0,98.8,97.51243781094527,97.63313609467455,97.0873786407767,500000.0,19224.0,1023.0,352.0,352.0,2.0,0.0,0.0,1.0
600000.0,6.431148,6.179283278269901E-8,600000.0,94.6,88.95574526221924,89.28571428571428,87.81038374717832,600000.0,22560.0,1208.0,400.0,400.0,3.0,0.0,0.0,1.0
700000.0,7.401622,6.655096583068372E-8,700000.0,99.1,98.12426533725709,98.0603448275862,97.76119402985074,700000.0,18952.0,1396.0,465.0,465.0,2.0,0.0,0.0,1.0
800000.0,8.373337,7.399191344777744E-8,800000.0,96.0,91.86806752756725,91.78644763860369,91.07142857142856,800000.0,29600.0,1564.0,508.0,508.0,3.0,0.0,0.0,1.0
900000.0,9.313616,7.698681791002553E-8,900000.0,95.0,89.51232302045096,89.33901918976545,87.7149877149877,900000.0,12312.0,1723.0,537.0,537.0,1.0,0.0,0.0,1.0
1000000.0,10.338943,8.356721007161672E-8,1000000.0,95.3,90.41285900783289,90.24896265560164,89.29384965831434,1000000.0,24808.0,1892.0,573.0,573.0,2.0,0.0,0.0,1.0
1100000.0,11.280607,8.751367830567891E-8,1100000.0,92.60000000000001,85.06595198501753,84.3220338983051,82.94930875576037,1100000.0,16200.0,2106.0,659.0,659.0,2.0,0.0,0.0,1.0
1200000.0,12.208405,1.0159048892143702E-7,1200000.0,97.39999999999999,94.74766574144779,94.61697722567287,94.18344519015659,1200000.0,58648.0,2280.0,696.0,696.0,4.0,0.0,0.0,1.0
1300000.0,13.136296,1.1406520284298396E-7,1300000.0,97.6,95.05368809381505,95.25691699604742,94.21686746987952,1300000.0,51968.0,2459.0,752.0,752.0,5.0,0.0,0.0,1.0
1400000.0,14.177963,1.203731906331248E-7,1400000.0,93.4,86.59713422360855,86.87872763419485,84.05797101449278,1400000.0,23408.0,2669.0,817.0,817.0,2.0,0.0,0.0,1.0
1500000.0,15.1474,1.2287109932344824E-7,1500000.0,94.19999999999999,88.32156764832615,88.28282828282828,86.41686182669788,1500000.0,9960.0,2868.0,871.0,871.0,1.0,0.0,0.0,1.0
1600000.0,16.120975,1.3048143852916032E-7,1600000.0,94.89999999999999,89.35388520565787,88.98488120950323,87.34491315136475,1600000.0,30216.0,3064.0,941.0,941.0,2.0,0.0,0.0,1.0
1700000.0,17.08465,1.3529000273388295E-7,1700000.0,96.0,91.6010498687664,91.76954732510288,90.12345679012344,1700000.0,19288.0,3260.0,1000.0,1000.0,2.0,0.0,0.0,1.0
1800000.0,18.084699,1.383014266110129E-7,1800000.0,98.3,96.46560828960389,96.66011787819254,95.77114427860695,1800000.0,11640.0,3432.0,1035.0,1035.0,1.0,0.0,0.0,1.0
1900000.0,19.070022,1.4613207026488255E-7,1900000.0,97.7,95.27483996088388,95.43650793650794,94.5626477541371,1900000.0,30720.0,3653.0,1118.0,1118.0,3.0,0.0,0.0,1.0
2000000.0,20.021578,1.536805724932088E-7,2000000.0,96.3,92.46895990230001,92.85714285714285,91.6289592760181,2000000.0,30664.0,3870.0,1203.0,1203.0,3.0,0.0,0.0,1.0


El valor de la semilla es:  5

Primero HoeffdingTree: 
learning evaluation instances,evaluation time (cpu seconds),model cost (RAM-Hours),classified instances,classifications correct (percent),Kappa Statistic (percent),Kappa Temporal Statistic (percent),Kappa M Statistic (percent),model training instances,model serialized size (bytes),tree size (nodes),tree size (leaves),active learning leaves,tree depth,active leaf byte size estimate,inactive leaf byte size estimate,byte size estimate overhead
100000.0,0.735346,4.404918730258942E-8,100000.0,79.3,58.27285921625545,55.00000000000001,53.37837837837838,100000.0,231552.0,115.0,58.0,58.0,9.0,0.0,0.0,1.0
200000.0,1.194628,9.143419068306685E-8,200000.0,81.69999999999999,61.859425932255654,62.95546558704452,58.96860986547083,200000.0,398808.0,201.0,101.0,101.0,11.0,0.0,0.0,1.0
300000.0,1.595454,1.5256054335584243E-7,300000.0,83.8,65.9044989224138,68.48249027237352,61.97183098591549,300000.0,589488.0,295.0,148.0,148.0,12.0,0.0,0.0,1.0
400000.0,2.011683,2.421242735472818E-7,400000.0,77.2,53.88853159242316,53.086419753086425,49.668874172185426,400000.0,831768.0,417.0,209.0,209.0,12.0,0.0,0.0,1.0
500000.0,2.419021,3.44679601157291E-7,500000.0,68.5,37.515868985654436,36.87374749498999,31.07221006564552,500000.0,973208.0,489.0,245.0,245.0,12.0,0.0,0.0,1.0
600000.0,2.837952,4.673701495490968E-7,600000.0,82.69999999999999,64.18694003279069,64.3298969072165,59.4847775175644,600000.0,1132064.0,567.0,284.0,284.0,13.0,0.0,0.0,1.0
700000.0,3.253392,6.079744726978242E-7,700000.0,74.9,48.7847080524314,47.48953974895397,39.66346153846154,700000.0,1308256.0,657.0,329.0,329.0,13.0,0.0,0.0,1.0
800000.0,3.673198,7.699588096410863E-7,800000.0,81.5,62.586960038828664,60.55437100213218,57.076566125290014,800000.0,1491512.0,747.0,374.0,374.0,13.0,0.0,0.0,1.0
900000.0,4.101458,9.525763354802296E-7,900000.0,76.0,50.560316413974945,50.81967213114754,44.186046511627914,900000.0,1648304.0,827.0,414.0,414.0,13.0,0.0,0.0,1.0
1000000.0,4.588664,1.1823623575994537E-6,1000000.0,70.6,39.72321886212198,39.754098360655725,34.81152993348114,1000000.0,1823112.0,915.0,458.0,458.0,14.0,3852.5589519650657,0.0,1.0332337379113978
1100000.0,5.014274,1.4020406692081854E-6,1100000.0,61.199999999999996,21.12314141319682,20.977596741344193,9.557109557109564,1100000.0,1995160.0,1001.0,501.0,501.0,14.0,3852.5589519650657,0.0,1.0332337379113978
1200000.0,5.445808,1.6433273382257255E-6,1200000.0,75.4,50.428810936290944,47.659574468085104,45.08928571428571,1200000.0,2161328.0,1083.0,542.0,542.0,14.0,3852.5589519650657,0.0,1.0332337379113978
1300000.0,5.872143,1.897471035580254E-6,1300000.0,66.8,33.15723351480206,30.543933054393314,26.872246696035244,1300000.0,2304256.0,1155.0,578.0,578.0,15.0,3852.5589519650657,0.0,1.0332337379113978
1400000.0,6.318495,2.184767101963775E-6,1400000.0,65.9,30.813679819506895,30.549898167006116,25.219298245614034,1400000.0,2488024.0,1251.0,626.0,626.0,15.0,3852.5589519650657,0.0,1.0332337379113978
1500000.0,6.769729,2.498629908613447E-6,1500000.0,71.7,43.216931386791,40.546218487394945,35.388127853881265,1500000.0,2688688.0,1351.0,676.0,676.0,15.0,3852.5589519650657,0.0,1.0332337379113978
1600000.0,7.218151,2.8285308771228628E-6,1600000.0,67.9,36.51258277097854,36.18290258449306,26.879271070615037,1600000.0,2843800.0,1431.0,716.0,716.0,15.0,3852.5589519650657,0.0,1.0332337379113978
1700000.0,7.669232,3.17936078975805E-6,1700000.0,75.4,50.86682112327235,48.75,47.21030042918455,1700000.0,3006384.0,1509.0,755.0,755.0,15.0,3852.5589519650657,0.0,1.0332337379113978
1800000.0,8.137201,3.5643256376725108E-6,1800000.0,79.80000000000001,58.18030499393409,59.10931174089069,53.13225058004642,1800000.0,3179848.0,1593.0,797.0,797.0,16.0,3852.5589519650657,0.0,1.0332337379113978
1900000.0,8.609461,3.9747022384694884E-6,1900000.0,70.89999999999999,40.80119780944088,40.24640657084188,31.69014084507042,1900000.0,3358952.0,1687.0,844.0,844.0,16.0,3852.5589519650657,0.0,1.0332337379113978
2000000.0,9.169058,4.492982617680811E-6,2000000.0,63.3,25.284407853484147,24.64065708418891,16.21004566210045,2000000.0,3580072.0,1795.0,898.0,898.0,16.0,3858.6993318485524,0.0,1.033176416808461

Ahora HoeffdingAdaptativeTree
learning evaluation instances,evaluation time (cpu seconds),model cost (RAM-Hours),classified instances,classifications correct (percent),Kappa Statistic (percent),Kappa Temporal Statistic (percent),Kappa M Statistic (percent),model training instances,model serialized size (bytes),tree size (nodes),tree size (leaves),active learning leaves,tree depth,active leaf byte size estimate,inactive leaf byte size estimate,byte size estimate overhead
100000.0,1.412293,6.024075616151095E-9,100000.0,80.5,60.35167051628226,57.60869565217392,56.08108108108109,100000.0,16488.0,154.0,33.0,33.0,1.0,0.0,0.0,1.0
200000.0,2.389983,1.1647195416606135E-8,200000.0,97.1,94.10708044444806,94.12955465587044,93.49775784753362,200000.0,22232.0,312.0,62.0,62.0,3.0,0.0,0.0,1.0
300000.0,3.348771,1.3012402850306697E-8,300000.0,96.2,92.25324548241895,92.60700389105058,91.07981220657277,300000.0,5504.0,483.0,104.0,104.0,0.0,0.0,0.0,1.0
400000.0,4.369156,2.530093582553996E-8,400000.0,89.3,78.13131024108698,77.98353909465021,76.37969094922738,400000.0,46552.0,720.0,190.0,190.0,4.0,0.0,0.0,1.0
500000.0,5.336793,3.004515935770339E-8,500000.0,92.5,84.90131499480607,84.96993987975952,83.58862144420132,500000.0,18952.0,849.0,181.0,181.0,2.0,0.0,0.0,1.0
600000.0,6.328671,3.805722364327974E-8,600000.0,95.39999999999999,90.57149064732864,90.51546391752576,89.2271662763466,600000.0,31224.0,980.0,174.0,174.0,3.0,0.0,0.0,1.0
700000.0,7.384462,4.862204238358471E-8,700000.0,94.1,87.85308408136375,87.65690376569036,85.81730769230768,700000.0,38680.0,1132.0,187.0,187.0,4.0,0.0,0.0,1.0
800000.0,8.414901,5.1381629953781764E-8,800000.0,89.1,77.20599921371154,76.7590618336887,74.70997679814386,800000.0,10352.0,1288.0,203.0,203.0,1.0,0.0,0.0,1.0
900000.0,9.366853,5.5759337262974846E-8,900000.0,94.19999999999999,87.99668874172184,88.11475409836065,86.51162790697673,900000.0,17776.0,1389.0,182.0,182.0,2.0,0.0,0.0,1.0
1000000.0,10.366176,5.876857495349315E-8,1000000.0,93.89999999999999,87.66949392368831,87.49999999999999,86.47450110864744,1000000.0,11640.0,1512.0,176.0,176.0,1.0,0.0,0.0,1.0
1100000.0,11.34077,6.543282660552197E-8,1100000.0,90.7,80.91211362423546,81.05906313645622,78.32167832167833,1100000.0,26432.0,1696.0,232.0,232.0,3.0,0.0,0.0,1.0
1200000.0,12.284817,7.606934141988556E-8,1200000.0,91.2,82.02614379084969,81.27659574468086,80.35714285714286,1200000.0,43552.0,1878.0,287.0,287.0,4.0,0.0,0.0,1.0
1300000.0,13.298753,8.086429452109668E-8,1300000.0,90.60000000000001,81.07463840479335,80.33472803347281,79.29515418502203,1300000.0,18280.0,1989.0,271.0,271.0,2.0,0.0,0.0,1.0
1400000.0,14.282109,8.382545116254024E-8,1400000.0,90.3,80.57606971789245,80.24439918533605,78.7280701754386,1400000.0,11640.0,2148.0,295.0,295.0,1.0,0.0,0.0,1.0
1500000.0,15.257582,1.0962224620704849E-7,1500000.0,84.7,68.83580338447248,67.85714285714285,65.06849315068493,1500000.0,102224.0,2320.0,331.0,331.0,5.0,0.0,0.0,1.0
1600000.0,16.241825,1.1102369872853159E-7,1600000.0,90.4,80.43236324056372,80.9145129224652,78.13211845102505,1600000.0,5504.0,2393.0,276.0,276.0,0.0,0.0,0.0,1.0
1700000.0,17.231232,1.203427012761434E-7,1700000.0,94.19999999999999,88.30456525246007,87.91666666666666,87.55364806866952,1700000.0,36408.0,2580.0,314.0,314.0,3.0,0.0,0.0,1.0
1800000.0,18.224286,1.2333306127538284E-7,1800000.0,91.10000000000001,81.71553481033463,81.9838056680162,79.35034802784223,1800000.0,11640.0,2736.0,332.0,332.0,1.0,0.0,0.0,1.0
1900000.0,19.176847,1.2473080209352904E-7,1900000.0,97.0,93.82075238518958,93.83983572895276,92.95774647887323,1900000.0,5672.0,2883.0,356.0,356.0,0.0,0.0,0.0,1.0
2000000.0,20.179471,1.3722459605791503E-7,2000000.0,91.9,83.40068692465962,83.3675564681725,81.5068493150685,2000000.0,48168.0,2988.0,328.0,328.0,3.0,0.0,0.0,1.0
