

El valor de la semilla es:  1

Primero HoeffdingTree: 
learning evaluation instances,evaluation time (cpu seconds),model cost (RAM-Hours),classified instances,classifications correct (percent),Kappa Statistic (percent),Kappa Temporal Statistic (percent),Kappa M Statistic (percent),model training instances,model serialized size (bytes),Change detected,Warning detected,tree size (nodes),tree size (leaves),active learning leaves,tree depth,active leaf byte size estimate,inactive leaf byte size estimate,byte size estimate overhead
100000.0,1.060776,7.868270874023437E-9,100000.0,97.923,95.84068288539102,95.82411838031285,95.67507912710312,87.0,4008.0,102.0,201.0,1.0,1.0,1.0,0.0,0.0,0.0,1.0
200000.0,1.764957,1.4503708475579817E-8,200000.0,97.397,94.78736502302888,94.7834103229556,94.58548710855027,2019.0,11712.0,86.0,236.0,5.0,3.0,3.0,2.0,0.0,0.0,1.0
300000.0,2.41146,2.0607693251222372E-8,300000.0,97.37633333333333,94.74643321721611,94.75004168751042,94.54263071408265,1376.0,7720.0,63.0,163.0,3.0,2.0,2.0,1.0,0.0,0.0,1.0
400000.0,3.069742,2.549047820063101E-8,400000.0,97.41825,94.8301426530452,94.83130546198929,94.62795730248236,164.0,4008.0,95.0,202.0,1.0,1.0,1.0,0.0,0.0,0.0,1.0
500000.0,3.712675,3.156075667382942E-8,500000.0,97.2812,94.55581070867846,94.55972338390488,94.33908835752776,1650.0,7720.0,81.0,182.0,3.0,2.0,2.0,1.0,0.0,0.0,1.0
600000.0,4.342277,3.815928996644086E-8,600000.0,97.31883333333333,94.63139230004512,94.6310270367688,94.41960336759436,2723.0,11712.0,70.0,171.0,5.0,3.0,3.0,2.0,0.0,0.0,1.0
700000.0,5.020205,4.390335074108508E-8,700000.0,97.25628571428572,94.50661969913881,94.50806804436782,94.29233718183035,201.0,3992.0,79.0,218.0,3.0,2.0,2.0,1.0,0.0,0.0,1.0
800000.0,5.649101,5.673679899217354E-8,800000.0,97.255375,94.50467537054391,94.50613515352896,94.28875386264085,8821.0,49840.0,80.0,170.0,25.0,13.0,13.0,5.0,0.0,0.0,1.0
900000.0,6.299013,6.546086848816938E-8,900000.0,97.27388888888889,94.54158772903686,94.54233223816654,94.32763978027263,2246.0,23016.0,93.0,201.0,11.0,6.0,6.0,3.0,0.0,0.0,1.0
1000000.0,6.942974,7.214325377303693E-8,1000000.0,97.2541,94.50175298269107,94.50209732803413,94.28211481998208,3169.0,11712.0,79.0,189.0,5.0,3.0,3.0,2.0,0.0,0.0,1.0
1100000.0,7.576118,7.877890893775557E-8,1100000.0,97.30390909090909,94.60141718071804,94.6021357028581,94.38575966500457,1479.0,11712.0,79.0,179.0,5.0,3.0,3.0,2.0,0.0,0.0,1.0
1200000.0,8.22788,8.696397566753957E-8,1200000.0,97.28125,94.55581380508315,94.55633959097044,94.33664541932258,4626.0,19696.0,95.0,244.0,9.0,5.0,5.0,3.0,0.0,0.0,1.0
1300000.0,8.882322,9.38702494588991E-8,1300000.0,97.20076923076924,94.39490987100707,94.39512303313332,94.16997899654429,2857.0,11992.0,70.0,222.0,5.0,3.0,3.0,2.0,0.0,0.0,1.0
1400000.0,9.517133,9.857893904257152E-8,1400000.0,97.20957142857142,94.41239811403858,94.41465064044368,94.18716074659557,418.0,4008.0,82.0,197.0,1.0,1.0,1.0,0.0,0.0,0.0,1.0
1500000.0,10.186565,1.0691802457181944E-7,1500000.0,97.21260000000001,94.41840728841541,94.41900137085591,94.19356182646374,2596.0,19304.0,108.0,241.0,9.0,5.0,5.0,3.0,0.0,0.0,1.0
1600000.0,10.827545,1.1301629387049211E-7,1600000.0,97.224625,94.44238388296596,94.4414054334179,94.21636469489584,1219.0,8000.0,77.0,206.0,3.0,2.0,2.0,1.0,0.0,0.0,1.0
1700000.0,11.469991,1.1979597483865088E-7,1700000.0,97.24247058823529,94.47809300474586,94.47741746991784,94.25294261156547,826.0,11992.0,104.0,209.0,5.0,3.0,3.0,2.0,0.0,0.0,1.0
1800000.0,12.141328,1.2477559481850929E-7,1800000.0,97.21994444444444,94.4328245477881,94.43236639726564,94.20320578092401,316.0,4008.0,93.0,235.0,1.0,1.0,1.0,0.0,0.0,0.0,1.0
1900000.0,12.761873,1.3067944598694643E-7,1900000.0,97.21947368421053,94.43184808022515,94.43145034209213,94.20166739104666,1024.0,8000.0,77.0,185.0,3.0,2.0,2.0,1.0,0.0,0.0,1.0
2000000.0,13.372781,1.3644735909998418E-7,2000000.0,97.1995,94.39190038425313,94.39198998748437,94.15950464757861,736.0,7720.0,63.0,166.0,3.0,2.0,2.0,1.0,0.0,0.0,1.0

Ahora HoeffdingAdaptativeTree
learning evaluation instances,evaluation time (cpu seconds),model cost (RAM-Hours),classified instances,classifications correct (percent),Kappa Statistic (percent),Kappa Temporal Statistic (percent),Kappa M Statistic (percent),model training instances,model serialized size (bytes),Change detected,Warning detected,tree size (nodes),tree size (leaves),active learning leaves,tree depth,active leaf byte size estimate,inactive leaf byte size estimate,byte size estimate overhead
100000.0,1.463538,1.1258594579994678E-8,100000.0,97.494,94.98215988441756,94.9615987775946,94.78177577877729,96.0,5000.0,88.0,179.0,1.0,1.0,1.0,0.0,0.0,0.0,1.0
200000.0,2.580114,2.3730371184647085E-8,200000.0,97.1475,94.28938626911531,94.28339529244366,94.06650095164795,1731.0,18168.0,52.0,140.0,5.0,3.0,3.0,2.0,0.0,0.0,1.0
300000.0,3.654086,4.046506891234054E-8,300000.0,97.26033333333334,94.51499990878666,94.51792562948141,94.30134440846722,2130.0,29824.0,55.0,161.0,9.0,5.0,5.0,3.0,0.0,0.0,1.0
400000.0,4.705119,5.563073001388047E-8,400000.0,97.2915,94.5770122378889,94.57755043819037,94.36421898083604,2487.0,30496.0,86.0,208.0,9.0,5.0,5.0,3.0,0.0,0.0,1.0
500000.0,5.806579,7.981487823443282E-8,500000.0,97.0522,94.0977544662712,94.101497936985,93.86227918946605,85465.0,30944.0,9.0,49.0,154.0,30.0,30.0,3.0,0.0,0.0,1.0
600000.0,6.816088,1.0303310913137264E-7,600000.0,96.95949999999999,93.91241177460653,93.91147051854126,93.67171158295666,185465.0,34840.0,0.0,0.0,379.0,114.0,114.0,3.0,0.0,0.0,1.0
700000.0,7.950309,1.357580768979258E-7,700000.0,96.85528571428571,93.70441189568074,93.70540986466044,93.45814945244356,285465.0,57056.0,0.0,0.0,584.0,162.0,162.0,4.0,0.0,0.0,1.0
800000.0,9.010811,1.537709729000926E-7,800000.0,96.80625,93.6060824977338,93.60712998919092,93.35417685432773,385465.0,12016.0,0.0,0.0,810.0,240.0,240.0,2.0,0.0,0.0,1.0
900000.0,10.048232,1.8378461891785265E-7,900000.0,96.74833333333333,93.49044541797473,93.49017130425692,93.23408918564004,485465.0,57304.0,0.0,0.0,1060.0,348.0,348.0,4.0,0.0,0.0,1.0
1000000.0,11.145084,2.059607488434348E-7,1000000.0,96.69879999999999,93.3911629339054,93.39026319214328,93.1257938904275,585465.0,24360.0,0.0,0.0,1314.0,447.0,447.0,3.0,0.0,0.0,1.0
1100000.0,12.166533,2.2997152329939937E-7,1100000.0,96.67427272727272,93.34210575981434,93.34153590780112,93.07462810887351,685465.0,36800.0,0.0,0.0,1507.0,509.0,509.0,3.0,0.0,0.0,1.0
1200000.0,13.262063,2.485499036870897E-7,1200000.0,96.61149999999999,93.2164709223794,93.2153220060702,92.94150731158604,785465.0,12032.0,0.0,0.0,1645.0,507.0,507.0,1.0,0.0,0.0,1.0
1300000.0,14.341726,2.742262756990062E-7,1300000.0,96.5776923076923,93.14889328168472,93.14754118560322,92.8722826478773,885465.0,37864.0,0.0,0.0,1887.0,599.0,599.0,3.0,0.0,0.0,1.0
1400000.0,15.373208,2.9524513298438656E-7,1400000.0,96.61907142857143,93.2316725398867,93.23270001444017,92.95706956480333,985465.0,24976.0,0.0,0.0,2094.0,659.0,659.0,2.0,0.0,0.0,1.0
1500000.0,16.402182,3.241881253446142E-7,1500000.0,96.57626666666667,93.14602253628803,93.14491962406247,92.86801466503721,1085465.0,54256.0,0.0,0.0,2305.0,716.0,716.0,4.0,0.0,0.0,1.0
1600000.0,17.451853,3.4197360595688225E-7,1600000.0,96.5474375,93.08831221501356,93.08511637047783,92.80516601609561,1185465.0,11976.0,0.0,0.0,2533.0,799.0,799.0,1.0,0.0,0.0,1.0
1700000.0,18.479919,3.6074197069845266E-7,1700000.0,96.55817647058824,93.10985000508025,93.10696219084352,92.82678282233258,1285465.0,16992.0,0.0,0.0,2753.0,878.0,878.0,1.0,0.0,0.0,1.0
1800000.0,19.586268,3.8254684303369786E-7,1800000.0,96.53066666666666,93.05455324261477,93.05194574002206,92.76596779854805,1385465.0,22392.0,0.0,0.0,3020.0,987.0,987.0,3.0,0.0,0.0,1.0
1900000.0,20.655481,3.987891572051578E-7,1900000.0,96.52689473684211,93.04702488730972,93.04442507333557,92.75740733423771,1485465.0,5336.0,0.0,0.0,3207.0,1036.0,1036.0,0.0,0.0,0.0,1.0
2000000.0,21.676607,4.2612083096885016E-7,2000000.0,96.52275,93.03869822121301,93.03679599499375,92.74812981103115,1585465.0,49128.0,0.0,0.0,3399.0,1082.0,1082.0,4.0,0.0,0.0,1.0


El valor de la semilla es:  2

Primero HoeffdingTree: 
learning evaluation instances,evaluation time (cpu seconds),model cost (RAM-Hours),classified instances,classifications correct (percent),Kappa Statistic (percent),Kappa Temporal Statistic (percent),Kappa M Statistic (percent),model training instances,model serialized size (bytes),Change detected,Warning detected,tree size (nodes),tree size (leaves),active learning leaves,tree depth,active leaf byte size estimate,inactive leaf byte size estimate,byte size estimate overhead
100000.0,0.958781,1.4102410456786554E-8,100000.0,92.01700000000001,71.5093524506723,71.65027167157926,52.869287991498425,10579.0,27960.0,40.0,235.0,13.0,7.0,7.0,4.0,0.0,0.0,1.0
200000.0,1.678588,8.40669545903802E-8,200000.0,89.6785,63.10227775060694,63.360607727942366,39.17079207920797,96336.0,238072.0,4.0,32.0,119.0,60.0,60.0,10.0,0.0,0.0,1.0
300000.0,2.388612,9.080888172404635E-8,300000.0,90.12166666666667,64.62887948782773,65.05018102909439,41.91493531948257,2526.0,11992.0,44.0,205.0,5.0,3.0,3.0,2.0,0.0,0.0,1.0
400000.0,3.005546,9.725677291138306E-8,400000.0,90.848,67.56353419452354,67.69815849149833,46.3846863603743,1522.0,11600.0,37.0,246.0,5.0,3.0,3.0,2.0,0.0,0.0,1.0
500000.0,3.651116,1.0670549789650574E-7,500000.0,91.081,68.37898663328208,68.46604770221823,47.661522211137836,3799.0,27680.0,37.0,168.0,13.0,7.0,7.0,4.0,0.0,0.0,1.0
600000.0,4.269943,1.1878788490262297E-7,600000.0,91.16933333333334,68.79478589118546,68.7949444323382,48.21786339070182,10519.0,34880.0,50.0,199.0,17.0,9.0,9.0,4.0,0.0,0.0,1.0
700000.0,4.782493,1.724546851631668E-7,700000.0,90.51857142857142,66.1082111925036,66.44878852676969,44.297571988485174,110519.0,258656.0,0.0,1.0,129.0,65.0,65.0,10.0,0.0,0.0,1.0
800000.0,5.419462,2.9562899879283377E-7,800000.0,89.647875,62.58181782805317,63.35741749368399,39.17715057909385,210519.0,423040.0,0.0,0.0,213.0,107.0,107.0,10.0,0.0,0.0,1.0
900000.0,5.938987,3.5769990728340215E-7,900000.0,88.97,59.39571146233871,60.95175907860786,35.207425005874256,237865.0,430896.0,1.0,51.0,219.0,110.0,110.0,10.0,0.0,0.0,1.0
1000000.0,6.422462,3.6179737503743836E-7,1000000.0,88.60329999999999,57.612733676654756,59.65327168645052,33.04526628088004,169.0,4008.0,9.0,40.0,1.0,1.0,1.0,0.0,0.0,0.0,1.0
1100000.0,7.042372,3.6829433148519864E-7,1100000.0,89.01509090909092,59.40944039678979,61.10860777094008,35.44709540243396,1952.0,11712.0,55.0,285.0,5.0,3.0,3.0,2.0,0.0,0.0,1.0
1200000.0,7.633767,3.8129395197042165E-7,1200000.0,89.37183333333333,60.87964273841588,62.369845836099415,37.545969609864265,17093.0,39936.0,61.0,185.0,19.0,10.0,10.0,4.0,0.0,0.0,1.0
1300000.0,8.227567,3.893496004264388E-7,1300000.0,89.53507692307693,61.619754943028205,62.95834433786314,38.55090269340046,4697.0,23568.0,39.0,209.0,11.0,6.0,6.0,4.0,0.0,0.0,1.0
1400000.0,8.840115,3.9581377020519644E-7,1400000.0,89.80571428571429,62.67879407259169,63.88435503258052,40.06332994565721,1951.0,11992.0,46.0,258.0,5.0,3.0,3.0,2.0,0.0,0.0,1.0
1500000.0,9.469487,4.4611832427688775E-7,1500000.0,89.76053333333334,62.57303731312452,63.74289160778909,39.82164966226277,67882.0,151320.0,13.0,94.0,75.0,38.0,38.0,8.0,0.0,0.0,1.0
1600000.0,10.092718,4.513550845968227E-7,1600000.0,89.93068749999999,63.29012243163306,64.33826947340458,40.81509700124531,2067.0,4008.0,53.0,226.0,1.0,1.0,1.0,0.0,0.0,0.0,1.0
1700000.0,10.682328,4.563520502361159E-7,1700000.0,90.11370588235295,64.01476898409841,64.9843638341004,41.89860508530244,1449.0,4008.0,52.0,233.0,1.0,1.0,1.0,0.0,0.0,0.0,1.0
1800000.0,11.249511,4.616801335165898E-7,1800000.0,90.22055555555556,64.46910158388249,65.35490410257925,42.50898960439213,1731.0,11600.0,47.0,186.0,5.0,3.0,3.0,2.0,0.0,0.0,1.0
1900000.0,11.852808,4.66155069048206E-7,1900000.0,90.35821052631579,65.02109561341378,65.836801981232,43.29500255366566,2862.0,4008.0,53.0,258.0,1.0,1.0,1.0,0.0,0.0,0.0,1.0
2000000.0,12.441789,4.7481820673371356E-7,2000000.0,90.50155,65.56876998282254,66.33951606044282,44.097991613330386,10234.0,27960.0,55.0,236.0,13.0,7.0,7.0,4.0,0.0,0.0,1.0

Ahora HoeffdingAdaptativeTree
learning evaluation instances,evaluation time (cpu seconds),model cost (RAM-Hours),classified instances,classifications correct (percent),Kappa Statistic (percent),Kappa Temporal Statistic (percent),Kappa M Statistic (percent),model training instances,model serialized size (bytes),Change detected,Warning detected,tree size (nodes),tree size (leaves),active learning leaves,tree depth,active leaf byte size estimate,inactive leaf byte size estimate,byte size estimate overhead
100000.0,1.465593,2.0264806915074585E-8,100000.0,93.252,76.32537185199546,76.03608082673391,60.16058566536782,8913.0,23176.0,56.0,257.0,21.0,11.0,11.0,3.0,0.0,0.0,1.0
200000.0,2.528507,4.019951137610607E-8,200000.0,93.566,77.40109266819852,77.1605047833727,62.08156529938712,7462.0,34672.0,37.0,220.0,10.0,2.0,2.0,3.0,0.0,0.0,1.0
300000.0,3.57952,5.368346780538558E-8,300000.0,93.18233333333333,75.94880285292612,75.8789050982982,59.91179929439436,107462.0,12312.0,0.0,0.0,155.0,34.0,34.0,1.0,0.0,0.0,1.0
400000.0,4.638315,6.640827832329604E-8,400000.0,93.03375,75.48322732706968,75.41272908559883,59.18950189663001,1522.0,17272.0,3.0,10.0,5.0,3.0,3.0,2.0,0.0,0.0,1.0
500000.0,5.681814,8.35363157548838E-8,500000.0,93.0932,75.67383620579838,75.58036756022882,59.46951469984154,3983.0,38032.0,36.0,194.0,11.0,6.0,6.0,3.0,0.0,0.0,1.0
600000.0,6.727994,1.031701690248317E-7,600000.0,93.0345,75.44819491140707,75.38591107996207,59.155012167590215,5389.0,42416.0,39.0,229.0,15.0,8.0,8.0,4.0,0.0,0.0,1.0
700000.0,7.797391,1.1295485951627292E-7,700000.0,93.07600000000001,75.56115760764598,75.49856685724686,59.32220459752752,1321.0,5672.0,35.0,223.0,1.0,1.0,1.0,0.0,0.0,0.0,1.0
800000.0,8.843809,1.2780487708126503E-7,800000.0,93.11,75.67453259414849,75.61202231730036,59.51851117427165,2055.0,24752.0,40.0,208.0,7.0,4.0,4.0,3.0,0.0,0.0,1.0
900000.0,9.848664,1.4528228641591136E-7,900000.0,93.125,75.75827894254327,75.66122789351124,59.614782131947905,4567.0,37360.0,41.0,196.0,11.0,6.0,6.0,3.0,0.0,0.0,1.0
1000000.0,10.987425,1.648907482727534E-7,1000000.0,93.1084,75.71265574330387,75.6022784801164,59.51238139999414,69730.0,36520.0,11.0,68.0,82.0,14.0,14.0,3.0,0.0,0.0,1.0
1100000.0,12.023435,1.8074875019697676E-7,1100000.0,93.03954545454546,75.49029923603595,75.35694054638618,59.09683416494826,169730.0,29264.0,0.0,0.0,218.0,38.0,38.0,4.0,0.0,0.0,1.0
1200000.0,13.036855,1.9330995799973603E-7,1200000.0,93.01875,75.42206523796122,75.28214206682892,58.976254951985894,269730.0,18280.0,0.0,0.0,372.0,72.0,72.0,2.0,0.0,0.0,1.0
1300000.0,13.994164,2.0495179583008087E-7,1300000.0,92.90915384615384,75.03618458935773,74.90123150898651,58.36318221443316,369730.0,17376.0,0.0,0.0,516.0,107.0,107.0,2.0,0.0,0.0,1.0
1400000.0,15.020935,2.173214856535196E-7,1400000.0,92.93014285714285,75.07672384294868,74.9533750869868,58.433213784762195,469730.0,16936.0,0.0,0.0,633.0,126.0,126.0,2.0,0.0,0.0,1.0
1500000.0,16.079739,2.3509298393295866E-7,1500000.0,92.9164,75.02794293982527,74.91755563371802,58.3689877286191,569730.0,34840.0,0.0,0.0,775.0,146.0,146.0,4.0,0.0,0.0,1.0
1600000.0,17.122308,2.476983068676458E-7,1600000.0,92.9529375,75.17535945731213,75.0419461230272,58.57912737451921,669730.0,17104.0,0.0,0.0,928.0,178.0,178.0,2.0,0.0,0.0,1.0
1700000.0,18.191476,2.587974920165207E-7,1700000.0,92.91147058823529,74.99900592495695,74.89358865112285,58.34096762484226,769730.0,10632.0,0.0,0.0,1032.0,184.0,184.0,1.0,0.0,0.0,1.0
1800000.0,19.123888,2.6981236351446965E-7,1800000.0,92.89072222222222,74.90587240233155,74.81435558310946,58.206259573397965,869730.0,16032.0,0.0,0.0,1170.0,216.0,216.0,2.0,0.0,0.0,1.0
1900000.0,20.156273,2.8441836552901395E-7,1900000.0,92.87936842105263,74.84693037224244,74.76987572543227,58.12235927754479,969730.0,24920.0,0.0,0.0,1303.0,244.0,244.0,3.0,0.0,0.0,1.0
2000000.0,21.1658,2.998501041365994E-7,2000000.0,92.86680000000001,74.79347740288227,74.72145833923966,58.01839181931881,1069730.0,29264.0,0.0,0.0,1487.0,313.0,313.0,2.0,0.0,0.0,1.0


El valor de la semilla es:  3

Primero HoeffdingTree: 
learning evaluation instances,evaluation time (cpu seconds),model cost (RAM-Hours),classified instances,classifications correct (percent),Kappa Statistic (percent),Kappa Temporal Statistic (percent),Kappa M Statistic (percent),model training instances,model serialized size (bytes),Change detected,Warning detected,tree size (nodes),tree size (leaves),active learning leaves,tree depth,active leaf byte size estimate,inactive leaf byte size estimate,byte size estimate overhead
100000.0,0.966867,1.2042219452559948E-8,100000.0,96.954,93.57129083387741,93.56759724627275,92.08913359650944,5513.0,19696.0,68.0,189.0,9.0,5.0,5.0,3.0,0.0,0.0,1.0
200000.0,1.602934,2.1397930414726338E-8,200000.0,97.0155,93.69424161406414,93.6886736592793,92.23655802096611,5619.0,27960.0,57.0,156.0,13.0,7.0,7.0,5.0,0.0,0.0,1.0
300000.0,2.27515,2.8373517921815317E-8,300000.0,97.00533333333333,93.67126411514081,93.67029746220074,92.19840911459237,1331.0,4008.0,66.0,228.0,1.0,1.0,1.0,0.0,0.0,0.0,1.0
400000.0,2.922189,3.6499271481815315E-8,400000.0,97.01525,93.69089656047787,93.68697684502186,92.21169778334442,5708.0,19696.0,66.0,235.0,9.0,5.0,5.0,4.0,0.0,0.0,1.0
500000.0,3.55452,4.250347630638215E-8,500000.0,97.02499999999999,93.71231584714559,93.7154083400228,92.23411975378896,1738.0,11992.0,64.0,155.0,5.0,3.0,3.0,2.0,0.0,0.0,1.0
600000.0,4.189045,5.042611187530889E-8,600000.0,97.0135,93.68822817489205,93.6866693913215,92.20716528515885,3466.0,19416.0,59.0,163.0,9.0,5.0,5.0,3.0,0.0,0.0,1.0
700000.0,4.812433,5.765233932269945E-8,700000.0,97.07885714285715,93.82463568810763,93.81970513029759,92.3739338313449,4410.0,15984.0,57.0,201.0,7.0,4.0,4.0,3.0,0.0,0.0,1.0
800000.0,5.442947,6.426043081614707E-8,800000.0,97.1145,93.89913475980954,93.89757743023614,92.4640898406895,1802.0,11712.0,78.0,196.0,5.0,3.0,3.0,2.0,0.0,0.0,1.0
900000.0,6.024427,6.917766350838875E-8,900000.0,97.13355555555555,93.93984574010241,93.93574684246528,92.51845879903253,1328.0,8000.0,49.0,148.0,3.0,2.0,2.0,1.0,0.0,0.0,1.0
1000000.0,6.645678,7.508823154494167E-8,1000000.0,97.0958,93.85988583383819,93.85448143351701,92.41737096188842,742.0,8000.0,44.0,166.0,3.0,2.0,2.0,1.0,0.0,0.0,1.0
1100000.0,7.261152,8.906041773036123E-8,1100000.0,97.07945454545455,93.82587903267616,93.82275462918453,92.37614739859701,13199.0,58944.0,55.0,182.0,29.0,15.0,15.0,6.0,0.0,0.0,1.0
1200000.0,7.881838,9.366433559399514E-8,1200000.0,97.10808333333333,93.88829448916843,93.88168879000138,92.45746005733572,75.0,4008.0,76.0,213.0,1.0,1.0,1.0,0.0,0.0,0.0,1.0
1300000.0,8.488202,1.0568911704959143E-7,1300000.0,97.08546153846154,93.83960013394363,93.83851574073924,92.39801046931335,14387.0,47640.0,59.0,174.0,23.0,12.0,12.0,5.0,0.0,0.0,1.0
1400000.0,9.089915,1.1135153556035626E-7,1400000.0,97.08464285714285,93.8371948303633,93.83654731882635,92.39374727449598,1013.0,8000.0,47.0,172.0,3.0,2.0,2.0,1.0,0.0,0.0,1.0
1500000.0,9.713808,1.1597924124035572E-7,1500000.0,97.07493333333333,93.81597841265817,93.8148457235655,92.3665768944376,199.0,4008.0,64.0,190.0,1.0,1.0,1.0,0.0,0.0,0.0,1.0
1600000.0,10.33196,1.2179763824575478E-7,1600000.0,97.101875,93.87191704764139,93.8732744223411,92.43384715294334,478.0,7608.0,60.0,202.0,3.0,2.0,2.0,1.0,0.0,0.0,1.0
1700000.0,10.962063,1.322471092786226E-7,1700000.0,97.10023529411764,93.86915921816924,93.87320608950816,92.43026603708395,5636.0,35160.0,77.0,197.0,17.0,9.0,9.0,5.0,0.0,0.0,1.0
1800000.0,11.578966,1.3927942612725828E-7,1800000.0,97.1005,93.87141826805525,93.8736414335334,92.43414615053427,7217.0,19304.0,70.0,178.0,9.0,5.0,5.0,3.0,0.0,0.0,1.0
1900000.0,12.223619,1.454126402652926E-7,1900000.0,97.09694736842106,93.86444493943799,93.86770846767199,92.42453791576592,553.0,8000.0,75.0,240.0,3.0,2.0,2.0,1.0,0.0,0.0,1.0
2000000.0,12.889817,1.5375969684786267E-7,2000000.0,97.0895,93.84754360986315,93.8514157271089,92.40344109371654,7376.0,19584.0,69.0,271.0,9.0,5.0,5.0,3.0,0.0,0.0,1.0

Ahora HoeffdingAdaptativeTree
learning evaluation instances,evaluation time (cpu seconds),model cost (RAM-Hours),classified instances,classifications correct (percent),Kappa Statistic (percent),Kappa Temporal Statistic (percent),Kappa M Statistic (percent),model training instances,model serialized size (bytes),Change detected,Warning detected,tree size (nodes),tree size (leaves),active learning leaves,tree depth,active leaf byte size estimate,inactive leaf byte size estimate,byte size estimate overhead
100000.0,1.411345,2.799125002283189E-8,100000.0,96.85000000000001,93.35495403179966,93.34797482789206,91.81903178890506,5511.0,47000.0,68.0,171.0,13.0,7.0,7.0,4.0,0.0,0.0,1.0
200000.0,2.552261,4.7438474394794966E-8,200000.0,96.941,93.5439444885562,93.53112840466926,92.04276461254325,4814.0,35176.0,34.0,138.0,11.0,6.0,6.0,4.0,0.0,0.0,1.0
300000.0,3.670039,5.799664826649758E-8,300000.0,96.89866666666667,93.4472784081366,93.44484055969676,91.92052520059745,1045.0,11640.0,59.0,183.0,3.0,2.0,2.0,1.0,0.0,0.0,1.0
400000.0,4.737559,7.122841846404803E-8,400000.0,96.8795,93.40641639287513,93.39985300105225,91.85747648309783,2095.0,17944.0,49.0,157.0,5.0,3.0,3.0,2.0,0.0,0.0,1.0
500000.0,5.754685,9.076117545573247E-8,500000.0,96.942,93.53802519973311,93.54007351387891,92.01745822086946,4981.0,43888.0,54.0,161.0,13.0,7.0,7.0,4.0,0.0,0.0,1.0
600000.0,6.800379,1.0669166236908899E-7,600000.0,96.90950000000001,93.46945161949195,93.466817931987,91.93579250419673,2558.0,28480.0,54.0,174.0,9.0,5.0,5.0,3.0,0.0,0.0,1.0
700000.0,7.831903,1.1599532983162336E-7,700000.0,96.93128571428572,93.51420103168957,93.50748659545788,91.98867726091157,395.0,5336.0,46.0,142.0,1.0,1.0,1.0,0.0,0.0,0.0,1.0
800000.0,8.873775,1.284995062297417E-7,800000.0,96.935625,93.52241552746405,93.51928221721705,91.99693131365892,1802.0,17328.0,64.0,234.0,5.0,3.0,3.0,2.0,0.0,0.0,1.0
900000.0,9.890186,1.41200862015701E-7,900000.0,96.95644444444444,93.5666317228799,93.56105037246334,92.05619131029923,2346.0,17832.0,50.0,166.0,5.0,3.0,3.0,2.0,0.0,0.0,1.0
1000000.0,10.924166,1.506529369060364E-7,1000000.0,96.9687,93.59182482885623,93.58552770794714,92.08552324108959,379.0,10464.0,46.0,153.0,3.0,2.0,2.0,1.0,0.0,0.0,1.0
1100000.0,11.967702,1.6064590617393453E-7,1100000.0,96.95572727272727,93.56430139436542,93.56105908819967,92.05316715236316,1542.0,12144.0,54.0,145.0,3.0,2.0,2.0,1.0,0.0,0.0,1.0
1200000.0,13.010478,1.7906990616892776E-7,1200000.0,96.9825,93.62314900585102,93.61599720732936,92.12992042982242,6304.0,31504.0,51.0,195.0,23.0,12.0,12.0,4.0,0.0,0.0,1.0
1300000.0,14.101984,1.9424352226778866E-7,1300000.0,96.98138461538461,93.62091864510285,93.61849177064818,92.12654667150873,1964.0,18112.0,58.0,171.0,5.0,3.0,3.0,2.0,0.0,0.0,1.0
1400000.0,15.105352,2.0487766874954105E-7,1400000.0,96.99528571428571,93.64971859684466,93.64763443620603,92.16061185468452,1021.0,11640.0,50.0,173.0,3.0,2.0,2.0,1.0,0.0,0.0,1.0
1500000.0,16.13567,2.35649640860243E-7,1500000.0,96.9658,93.58628714463433,93.5840795290509,92.08177623749975,21960.0,77816.0,44.0,135.0,59.0,30.0,30.0,4.0,0.0,0.0,1.0
1600000.0,17.176037,2.505042192298505E-7,1600000.0,96.94625,93.5439857301337,93.54427837557871,92.02755600372679,121960.0,18784.0,0.0,0.0,252.0,97.0,97.0,2.0,0.0,0.0,1.0
1700000.0,18.189702,2.7810401906983723E-7,1700000.0,96.88476470588235,93.4139730545812,93.41794712135392,91.86778763100311,221960.0,67816.0,0.0,0.0,445.0,155.0,155.0,5.0,0.0,0.0,1.0
1800000.0,19.245102,3.020304236850805E-7,1800000.0,96.85494444444444,93.35138518010532,93.35480667536086,91.7934020756049,321960.0,50504.0,0.0,0.0,666.0,243.0,243.0,3.0,0.0,0.0,1.0
1900000.0,20.281432,3.1687240160587767E-7,1900000.0,96.84157894736842,93.32307992423685,93.3282784935095,91.7581587498661,421960.0,18952.0,0.0,0.0,888.0,327.0,327.0,2.0,0.0,0.0,1.0
2000000.0,21.340074,3.4692376724961737E-7,2000000.0,96.8055,93.245829303353,93.25145079548167,91.66218607588989,521960.0,72136.0,0.0,0.0,1057.0,352.0,352.0,4.0,0.0,0.0,1.0


El valor de la semilla es:  4

Primero HoeffdingTree: 
learning evaluation instances,evaluation time (cpu seconds),model cost (RAM-Hours),classified instances,classifications correct (percent),Kappa Statistic (percent),Kappa Temporal Statistic (percent),Kappa M Statistic (percent),model training instances,model serialized size (bytes),Change detected,Warning detected,tree size (nodes),tree size (leaves),active learning leaves,tree depth,active leaf byte size estimate,inactive leaf byte size estimate,byte size estimate overhead
100000.0,0.984315,1.2432689561198155E-8,100000.0,96.49,92.80069486659401,92.82839221134789,91.75746759346232,3606.0,15984.0,51.0,164.0,7.0,4.0,4.0,2.0,0.0,0.0,1.0
200000.0,1.677364,1.7573357582506205E-8,200000.0,96.5485,92.9223269240365,92.94402649439857,91.9176189584114,369.0,4008.0,52.0,176.0,1.0,1.0,1.0,0.0,0.0,0.0,1.0
300000.0,2.31733,2.361562300266491E-8,300000.0,96.71133333333334,93.26156395072123,93.27480197952312,92.31045018082055,1016.0,8000.0,58.0,223.0,3.0,2.0,2.0,1.0,0.0,0.0,1.0
400000.0,2.979891,2.991921344978942E-8,400000.0,96.53475,92.89954851747744,92.91772688719254,91.89509998830546,485.0,8000.0,42.0,166.0,3.0,2.0,2.0,1.0,0.0,0.0,1.0
500000.0,3.642087,3.483103036466572E-8,500000.0,96.6154,93.06473815810881,93.08935287463808,92.08728626134445,111.0,4008.0,61.0,189.0,1.0,1.0,1.0,0.0,0.0,0.0,1.0
600000.0,4.309615,4.0440000622636744E-8,600000.0,96.60433333333333,93.04312305084026,93.07360190379059,92.07101604944037,657.0,4008.0,60.0,186.0,1.0,1.0,1.0,0.0,0.0,0.0,1.0
700000.0,4.926766,4.565888187951512E-8,700000.0,96.50999999999999,92.84962983663357,92.88514296697983,91.85242993023037,2677.0,8000.0,47.0,144.0,3.0,2.0,2.0,1.0,0.0,0.0,1.0
800000.0,5.579636,5.1179817608661124E-8,800000.0,96.35137499999999,92.52621084546313,92.55879998572382,91.48447665225483,1335.0,8000.0,24.0,141.0,3.0,2.0,2.0,1.0,0.0,0.0,1.0
900000.0,6.215928,5.789455590976609E-8,900000.0,96.403,92.63216898825686,92.66231175825273,91.60425116964223,2317.0,11992.0,68.0,153.0,5.0,3.0,3.0,2.0,0.0,0.0,1.0
1000000.0,6.848125,6.377842409122322E-8,1000000.0,96.43599999999999,92.69829001746149,92.72590711856935,91.67482287975444,600.0,7600.0,66.0,182.0,3.0,2.0,2.0,1.0,0.0,0.0,1.0
1100000.0,7.494934,6.98665570240054E-8,1100000.0,96.45018181818182,92.72731640447856,92.75266290639598,91.71018775634981,986.0,7608.0,71.0,190.0,3.0,2.0,2.0,1.0,0.0,0.0,1.0
1200000.0,8.141236,7.533195105898712E-8,1200000.0,96.45591666666667,92.73808198353579,92.75923419397128,91.72270305934374,1223.0,8000.0,63.0,206.0,3.0,2.0,2.0,1.0,0.0,0.0,1.0
1300000.0,8.776269,8.401269073701568E-8,1300000.0,96.48515384615385,92.79745822775128,92.8169439195626,91.78949865143868,3199.0,23968.0,62.0,207.0,11.0,6.0,6.0,4.0,0.0,0.0,1.0
1400000.0,9.4591,9.113658628736933E-8,1400000.0,96.50764285714286,92.84355516711186,92.86363802225873,91.84155329696827,3732.0,15592.0,70.0,218.0,7.0,4.0,4.0,3.0,0.0,0.0,1.0
1500000.0,10.086143,9.578765698812074E-8,1500000.0,96.51846666666667,92.8647556624653,92.88282272132578,91.86408093699465,460.0,4008.0,41.0,166.0,1.0,1.0,1.0,0.0,0.0,0.0,1.0
1600000.0,10.729066,1.0055651706332962E-7,1600000.0,96.553125,92.93557425388649,92.95461571676404,91.94354197830964,688.0,4008.0,72.0,193.0,1.0,1.0,1.0,0.0,0.0,0.0,1.0
1700000.0,11.368464,1.0796833021566272E-7,1700000.0,96.56582352941176,92.96225013145812,92.98113788257133,91.97639963937021,3093.0,15984.0,53.0,213.0,7.0,4.0,4.0,2.0,0.0,0.0,1.0
1800000.0,12.01399,1.1410985005605552E-7,1800000.0,96.56677777777777,92.96455946865652,92.98224495937406,91.97954588224606,2981.0,8000.0,66.0,202.0,3.0,2.0,2.0,1.0,0.0,0.0,1.0
1900000.0,12.668291,1.2237419755922424E-7,1900000.0,96.57578947368421,92.98275322979697,93.0021641017257,91.99923263467016,2114.0,19976.0,64.0,214.0,9.0,5.0,5.0,3.0,0.0,0.0,1.0
2000000.0,13.269137,1.2683095287945535E-7,2000000.0,96.5851,93.0011410650914,93.01826344918108,92.01777412093602,226.0,4008.0,66.0,157.0,1.0,1.0,1.0,0.0,0.0,0.0,1.0

Ahora HoeffdingAdaptativeTree
learning evaluation instances,evaluation time (cpu seconds),model cost (RAM-Hours),classified instances,classifications correct (percent),Kappa Statistic (percent),Kappa Temporal Statistic (percent),Kappa M Statistic (percent),model training instances,model serialized size (bytes),Change detected,Warning detected,tree size (nodes),tree size (leaves),active learning leaves,tree depth,active leaf byte size estimate,inactive leaf byte size estimate,byte size estimate overhead
100000.0,1.439536,2.314000517129898E-8,100000.0,96.626,93.07315193040276,93.10626647324439,92.07683637046779,18668.0,25592.0,59.0,187.0,37.0,19.0,19.0,2.0,0.0,0.0,1.0
200000.0,2.605775,4.1850658009449644E-8,200000.0,96.553,92.93160753540852,92.95322593834328,91.92815661296365,3053.0,24848.0,45.0,148.0,9.0,5.0,5.0,3.0,0.0,0.0,1.0
300000.0,3.659924,5.316044981280963E-8,300000.0,96.75033333333334,93.34041524965313,93.35455549344933,92.40163985534356,741.0,11808.0,53.0,182.0,3.0,2.0,2.0,1.0,0.0,0.0,1.0
400000.0,4.717151,6.440261499335368E-8,400000.0,96.817,93.47742170537437,93.49458904319567,92.55525669512336,1386.0,16096.0,69.0,200.0,5.0,3.0,3.0,2.0,0.0,0.0,1.0
500000.0,5.761013,7.802166795978944E-8,500000.0,96.8372,93.51923973299493,93.54222220407297,92.6058231363766,5245.0,20128.0,58.0,185.0,5.0,3.0,3.0,2.0,0.0,0.0,1.0
600000.0,6.83583,9.679377967491746E-8,600000.0,96.79483333333333,93.43335550706826,93.46217916029235,92.51583928766014,3189.0,36464.0,67.0,188.0,11.0,6.0,6.0,3.0,0.0,0.0,1.0
700000.0,7.916025,1.0980707777043184E-7,700000.0,96.63028571428572,93.09649596147432,93.13036235387312,92.13324261949548,1523.0,12480.0,36.0,134.0,3.0,2.0,2.0,1.0,0.0,0.0,1.0
800000.0,9.257997,1.668511295815309E-7,800000.0,96.614375,93.06454488501956,93.09517618326527,92.09829216918435,88303.0,43416.0,5.0,43.0,205.0,89.0,89.0,3.0,0.0,0.0,1.0
900000.0,10.301659,2.1116721040258806E-7,900000.0,96.57722222222222,92.98830206747553,93.01771580369366,92.01090282892622,188303.0,43216.0,0.0,0.0,397.0,155.0,155.0,3.0,0.0,0.0,1.0
1000000.0,11.947937,2.7381100352025693E-7,1000000.0,96.5112,92.85111264733456,92.87938966197102,91.85048318262831,288303.0,67352.0,0.0,6.0,638.0,242.0,242.0,4.0,0.0,0.0,1.0
1100000.0,13.745386,2.9924099689970414E-7,1100000.0,96.47618181818181,92.7791125349991,92.80574471362736,91.77090498390781,388303.0,15088.0,0.0,2.0,840.0,314.0,314.0,2.0,0.0,0.0,1.0
1200000.0,15.615033,3.5754173077435957E-7,1200000.0,96.42258333333334,92.66869128901007,92.69113227945621,91.64485220989368,488303.0,47552.0,0.0,0.0,979.0,317.0,317.0,3.0,0.0,0.0,1.0
1300000.0,17.442438,3.955962936932014E-7,1300000.0,96.38292307692308,92.58714081658614,92.6080217316804,91.55069278856607,588303.0,30424.0,0.0,0.0,1126.0,337.0,337.0,4.0,0.0,0.0,1.0
1400000.0,19.418535,4.3995772144860693E-7,1400000.0,96.344,92.50664940356226,92.52924648786717,91.4592695059011,688303.0,30664.0,0.0,0.0,1401.0,465.0,465.0,3.0,0.0,0.0,1.0
1500000.0,21.339816,4.718078375897474E-7,1500000.0,96.31386666666667,92.44425414265548,92.46456607064981,91.38595567409588,788303.0,33048.0,0.0,0.0,1633.0,560.0,560.0,5.0,0.0,0.0,1.0
1600000.0,23.114557,5.057868912836744E-7,1600000.0,96.3094375,92.43539023098876,92.45652046163553,91.37396573485414,888303.0,30048.0,0.0,0.0,1829.0,636.0,636.0,3.0,0.0,0.0,1.0
1700000.0,24.919883,5.396976682398882E-7,1700000.0,96.28958823529412,92.3954753136731,92.41656076838272,91.33100426598646,988303.0,23128.0,0.0,0.0,2013.0,683.0,683.0,3.0,0.0,0.0,1.0
1800000.0,26.782612,5.635955236189895E-7,1800000.0,96.283,92.38206197708988,92.40218261516361,91.31660404539879,1088303.0,12312.0,0.0,0.0,2233.0,765.0,765.0,1.0,0.0,0.0,1.0
1900000.0,28.67251,5.876776668636335E-7,1900000.0,96.25247368421053,92.31953077437669,92.3414246931321,91.2437959004983,1188303.0,12144.0,0.0,0.0,2413.0,809.0,809.0,1.0,0.0,0.0,1.0
2000000.0,30.553201,6.657803350024753E-7,2000000.0,96.24445,92.30276152577868,92.3218071675809,91.22151500772534,1288303.0,66472.0,0.0,0.0,2548.0,808.0,808.0,5.0,0.0,0.0,1.0


El valor de la semilla es:  5

Primero HoeffdingTree: 
learning evaluation instances,evaluation time (cpu seconds),model cost (RAM-Hours),classified instances,classifications correct (percent),Kappa Statistic (percent),Kappa Temporal Statistic (percent),Kappa M Statistic (percent),model training instances,model serialized size (bytes),Change detected,Warning detected,tree size (nodes),tree size (leaves),active learning leaves,tree depth,active leaf byte size estimate,inactive leaf byte size estimate,byte size estimate overhead
100000.0,1.034347,8.766127470880746E-9,100000.0,92.511,84.71315728733917,84.7914382031599,82.91703734118022,268.0,4008.0,72.0,300.0,1.0,1.0,1.0,0.0,0.0,0.0,1.0
200000.0,1.739201,1.6131456550210712E-8,200000.0,92.459,84.59971878917007,84.70571532876325,82.76480738683763,2319.0,11992.0,60.0,254.0,5.0,3.0,3.0,2.0,0.0,0.0,1.0
300000.0,2.457753,2.1461292230006718E-8,300000.0,92.459,84.59896786715359,84.69743908873227,82.74304893397918,1274.0,4008.0,83.0,331.0,1.0,1.0,1.0,0.0,0.0,0.0,1.0
400000.0,3.197734,2.6950076808118153E-8,400000.0,92.53325,84.76144719214462,84.87563045635925,82.94785642103099,162.0,4008.0,71.0,342.0,1.0,1.0,1.0,0.0,0.0,0.0,1.0
500000.0,3.882523,3.346514394713772E-8,500000.0,92.5808,84.86750233982744,84.98241011752226,83.08759836237472,611.0,8000.0,54.0,250.0,3.0,2.0,2.0,1.0,0.0,0.0,1.0
600000.0,4.597025,4.164404065658648E-8,600000.0,92.6535,85.01394928282514,85.13586425040297,83.24896823768155,2673.0,15424.0,71.0,356.0,7.0,4.0,4.0,2.0,0.0,0.0,1.0
700000.0,5.256728,4.790815223008394E-8,700000.0,92.65942857142858,85.02009516202028,85.13194444444444,83.24256279473248,3155.0,11992.0,60.0,249.0,5.0,3.0,3.0,2.0,0.0,0.0,1.0
800000.0,5.953529,5.376309177527825E-8,800000.0,92.599,84.8973263680344,85.0063056173174,83.1009070618389,841.0,4008.0,49.0,290.0,1.0,1.0,1.0,0.0,0.0,0.0,1.0
900000.0,6.641466,6.030810891547136E-8,900000.0,92.72777777777777,85.16110566367414,85.26972495234321,83.39746890671888,3593.0,8000.0,66.0,302.0,3.0,2.0,2.0,1.0,0.0,0.0,1.0
1000000.0,7.338013,6.547472323601444E-8,1000000.0,92.6994,85.10313047914543,85.20966114674457,83.34082554257665,1483.0,4008.0,62.0,312.0,1.0,1.0,1.0,0.0,0.0,0.0,1.0
1100000.0,8.02994,7.852754978670013E-8,1100000.0,92.75063636363636,85.20828469386336,85.30917009329265,83.45773105199396,6922.0,43928.0,63.0,292.0,21.0,11.0,11.0,4.0,0.0,0.0,1.0
1200000.0,8.725346,8.440818732811343E-8,1200000.0,92.72408333333333,85.1550560273118,85.25508196499831,83.40003536316641,1618.0,8000.0,62.0,282.0,3.0,2.0,2.0,1.0,0.0,0.0,1.0
1300000.0,9.401562,9.084169113801583E-8,1300000.0,92.694,85.09496707948833,85.18826951117765,83.33844990641057,230.0,8000.0,72.0,320.0,3.0,2.0,2.0,1.0,0.0,0.0,1.0
1400000.0,10.067589,9.578192436860666E-8,1400000.0,92.68371428571427,85.07570905817565,85.16484391859694,83.31992561157124,414.0,4008.0,79.0,296.0,1.0,1.0,1.0,0.0,0.0,0.0,1.0
1500000.0,10.758954,1.0091010137564604E-7,1500000.0,92.66253333333333,85.034062929873,85.12360054768375,83.2767595853757,77.0,4008.0,67.0,317.0,1.0,1.0,1.0,0.0,0.0,0.0,1.0
1600000.0,11.427309,1.0586760246919258E-7,1600000.0,92.6100625,84.92900455595054,85.0193467954257,83.16065164727647,141.0,4008.0,56.0,313.0,1.0,1.0,1.0,0.0,0.0,0.0,1.0
1700000.0,12.09567,1.1292076234809223E-7,1700000.0,92.5785294117647,84.86409027667553,84.95745307438351,83.08732551452522,4910.0,11992.0,61.0,275.0,5.0,3.0,3.0,2.0,0.0,0.0,1.0
1800000.0,12.785653,1.1941384544803033E-7,1800000.0,92.55816666666666,84.82290477424914,84.91922763856942,83.04094011477969,1399.0,8000.0,73.0,331.0,3.0,2.0,2.0,1.0,0.0,0.0,1.0
1900000.0,13.477418,1.2671398585662242E-7,1900000.0,92.55394736842105,84.81443985332336,84.90513092178196,83.03301052379096,2291.0,11992.0,75.0,310.0,5.0,3.0,3.0,2.0,0.0,0.0,1.0
2000000.0,14.1654,1.3462632854986518E-7,2000000.0,92.56285,84.83169785388345,84.92121661856434,83.05143263439278,5922.0,19696.0,60.0,286.0,9.0,5.0,5.0,3.0,0.0,0.0,1.0

Ahora HoeffdingAdaptativeTree
learning evaluation instances,evaluation time (cpu seconds),model cost (RAM-Hours),classified instances,classifications correct (percent),Kappa Statistic (percent),Kappa Temporal Statistic (percent),Kappa M Statistic (percent),model training instances,model serialized size (bytes),Change detected,Warning detected,tree size (nodes),tree size (leaves),active learning leaves,tree depth,active leaf byte size estimate,inactive leaf byte size estimate,byte size estimate overhead
100000.0,1.510545,1.1751508247107268E-8,100000.0,92.333,84.36027018240124,84.42995816579342,82.51100618171034,382.0,5336.0,58.0,295.0,1.0,1.0,1.0,0.0,0.0,0.0,1.0
200000.0,2.632056,2.786216327299674E-8,200000.0,91.8775,83.40665348043555,83.5263456780108,81.43577085261751,52611.0,19120.0,21.0,108.0,110.0,41.0,41.0,2.0,0.0,0.0,1.0
300000.0,3.698061,3.934548656766613E-8,300000.0,91.51533333333333,82.66518418755227,82.782505174583,80.58354628322972,152611.0,5504.0,0.0,0.0,217.0,22.0,22.0,0.0,0.0,0.0,1.0
400000.0,4.785345,6.11571519387265E-8,400000.0,91.4995,82.65196638485384,82.78170511859669,80.58703632865357,252611.0,40752.0,0.0,0.0,422.0,87.0,87.0,3.0,0.0,0.0,1.0
500000.0,5.893073,7.986215066371693E-8,500000.0,91.4778,82.62152553736371,82.74977025872712,80.57326002316017,352611.0,28592.0,0.0,0.0,639.0,157.0,157.0,3.0,0.0,0.0,1.0
600000.0,6.975413,1.0005142439363732E-7,600000.0,91.40066666666667,82.46492017559811,82.60101299629736,80.3923356970761,452611.0,35288.0,0.0,0.0,763.0,143.0,143.0,3.0,0.0,0.0,1.0
700000.0,8.048353,1.1638144295041761E-7,700000.0,91.40985714285715,82.48256442568521,82.60098379629629,80.38997632356491,552611.0,22288.0,0.0,0.0,877.0,135.0,135.0,2.0,0.0,0.0,1.0
800000.0,9.118373,1.2987672486859893E-7,800000.0,91.4485,82.56401144505996,82.67550634866771,80.47390984182074,652611.0,12480.0,0.0,0.0,1048.0,160.0,160.0,1.0,0.0,0.0,1.0
900000.0,10.149619,1.443321533356276E-7,900000.0,91.47933333333333,82.6269275894638,82.74093396020463,80.54726204095714,752611.0,17776.0,0.0,0.0,1198.0,184.0,184.0,2.0,0.0,0.0,1.0
1000000.0,11.254755,1.5628503852627343E-7,1000000.0,91.458,82.58705708333358,82.69469982131497,80.50808588125493,852611.0,5672.0,0.0,0.0,1357.0,217.0,217.0,0.0,0.0,0.0,1.0
1100000.0,12.337066,1.7543891115734975E-7,1100000.0,91.455,82.58168153800047,82.6835639857924,80.50122807308693,952611.0,31728.0,0.0,0.0,1570.0,276.0,276.0,3.0,0.0,0.0,1.0
1200000.0,13.364728,1.8835530251264573E-7,1200000.0,91.41641666666666,82.50333861295263,82.60504641615285,80.41660091525958,1052611.0,12312.0,0.0,0.0,1748.0,321.0,321.0,1.0,0.0,0.0,1.0
1300000.0,14.487672,2.041937123073472E-7,1300000.0,91.40476923076923,82.48265662226967,82.57456314767597,80.39832082842874,1152611.0,18112.0,0.0,0.0,1940.0,375.0,375.0,2.0,0.0,0.0,1.0
1400000.0,15.609906,2.481880587918891E-7,1400000.0,91.35478571428571,82.38334237765615,82.4701893427534,80.29016046925939,1252611.0,113296.0,0.0,0.0,2141.0,438.0,438.0,5.0,0.0,0.0,1.0
1500000.0,16.677358,2.6090865983731216E-7,1500000.0,91.36253333333333,82.39886136451491,82.48790621794082,80.31385514892013,1352611.0,9792.0,0.0,0.0,2312.0,475.0,475.0,1.0,0.0,0.0,1.0
1600000.0,17.800133,2.8047887440770864E-7,1600000.0,91.3341875,82.34326962204965,82.43293237617164,80.25333293456325,1452611.0,30776.0,0.0,0.0,2466.0,505.0,505.0,3.0,0.0,0.0,1.0
1700000.0,18.861479,3.0081469867378475E-7,1700000.0,91.31158823529411,82.29556048446403,82.38949543411933,80.20011287181006,1552611.0,37248.0,0.0,0.0,2652.0,560.0,560.0,3.0,0.0,0.0,1.0
1800000.0,19.963268,3.1432757169008257E-7,1800000.0,91.27338888888889,82.21714888031289,82.31564323485736,80.1130831880546,1652611.0,11136.0,0.0,0.0,2825.0,604.0,604.0,1.0,0.0,0.0,1.0
1900000.0,21.047854,3.2986065619521676E-7,1900000.0,91.26184210526316,82.19423118784644,82.28573501529493,80.08874763889305,1752611.0,18952.0,0.0,0.0,2968.0,616.0,616.0,2.0,0.0,0.0,1.0
2000000.0,22.106972,3.504760086991721E-7,2000000.0,91.27250000000001,82.21604136311778,82.30503862884578,80.11084599835463,1852611.0,38424.0,0.0,0.0,3120.0,624.0,624.0,3.0,0.0,0.0,1.0
