

El valor de la semilla es:  1

Primero HoeffdingTree: 
learning evaluation instances,evaluation time (cpu seconds),model cost (RAM-Hours),classified instances,classifications correct (percent),Kappa Statistic (percent),Kappa Temporal Statistic (percent),Kappa M Statistic (percent),model training instances,model serialized size (bytes),tree size (nodes),tree size (leaves),active learning leaves,tree depth,active leaf byte size estimate,inactive leaf byte size estimate,byte size estimate overhead
100000.0,0.741736,6.39691966606511E-8,100000.0,89.717,79.4350879496552,79.32566649242028,78.58778943861402,100000.0,333368.0,169.0,85.0,85.0,12.0,0.0,0.0,1.0
200000.0,1.279641,1.584842291060421E-7,200000.0,86.25500000000001,72.51064541980726,72.45408178602564,71.4089590115342,200000.0,679200.0,345.0,173.0,173.0,12.0,0.0,0.0,1.0
300000.0,1.715055,2.6888952447308435E-7,300000.0,85.68666666666667,71.41289096145691,71.3590128397532,70.2274886117024,300000.0,980144.0,499.0,250.0,250.0,14.0,0.0,0.0,1.0
400000.0,2.137449,4.02594989620977E-7,400000.0,84.75399999999999,69.53684750873573,69.47732471133489,68.27649347676812,400000.0,1223584.0,619.0,310.0,310.0,14.0,0.0,0.0,1.0
500000.0,2.580818,5.742474853226708E-7,500000.0,82.9476,65.88678301946264,65.87841217879196,64.4945822818546,500000.0,1496536.0,761.0,381.0,381.0,15.0,0.0,0.0,1.0
600000.0,3.037191,7.831546874985926E-7,600000.0,82.69216666666667,65.36833115198962,65.3414722873954,63.97666133614545,600000.0,1769440.0,895.0,448.0,448.0,15.0,0.0,0.0,1.0
700000.0,3.496079,1.024068507583191E-6,700000.0,81.56714285714285,63.10175999373362,63.104031019721894,61.65470512191861,700000.0,2029352.0,1027.0,514.0,514.0,15.0,0.0,0.0,1.0
800000.0,3.952231,1.2909575167112051E-6,800000.0,80.49775,60.944111254584755,60.962708675287246,59.41808080072415,800000.0,2261640.0,1147.0,574.0,574.0,15.0,0.0,0.0,1.0
900000.0,4.415955,1.5995765562169253E-6,900000.0,80.20811111111111,60.3625421996555,60.376686960989964,58.81799434035548,900000.0,2572560.0,1301.0,651.0,651.0,16.0,0.0,0.0,1.0
1000000.0,4.969184,2.0027373703382907E-6,1000000.0,79.6246,59.17530902069852,59.20391634714534,57.571580284447045,1000000.0,2816928.0,1431.0,716.0,716.0,17.0,3806.2346368715084,0.0,1.0336349065631807
1100000.0,5.447578,2.3876178344401216E-6,1100000.0,79.30181818181819,58.52428630166451,58.560011357410815,56.89886908750849,1100000.0,3109872.0,1573.0,787.0,787.0,17.0,3806.2346368715084,0.0,1.0336349065631807
1200000.0,5.919169,2.7940741773756836E-6,1200000.0,79.065,58.03884577567167,58.08256343428646,56.390867808190634,1200000.0,3331584.0,1687.0,844.0,844.0,17.0,3806.2346368715084,0.0,1.0336349065631807
1300000.0,6.404835,3.2431885456811216E-6,1300000.0,78.55623076923078,57.00816075286741,57.063315548874414,55.338578589932766,1300000.0,3574552.0,1803.0,902.0,902.0,17.0,3806.2346368715084,0.0,1.0336349065631807
1400000.0,6.896917,3.733942714078972E-6,1400000.0,78.51685714285715,56.926968162355415,56.999129299708194,55.24771450338063,1400000.0,3855040.0,1953.0,977.0,977.0,17.0,3806.2346368715084,0.0,1.0336349065631807
1500000.0,7.397417,4.268652474377304E-6,1500000.0,78.37906666666666,56.644490343437795,56.7100526317897,54.96139317853571,1500000.0,4129680.0,2083.0,1042.0,1042.0,17.0,3806.2346368715084,0.0,1.0336349065631807
1600000.0,7.896672,4.83161336676528E-6,1600000.0,78.179625,56.23409782027282,56.29757495265192,54.52827411769149,1600000.0,4358712.0,2211.0,1106.0,1106.0,17.0,3806.2346368715084,0.0,1.0336349065631807
1700000.0,8.402065,5.434010324186334E-6,1700000.0,78.1484705882353,56.173794235775134,56.237320961969374,54.45851165949684,1700000.0,4607400.0,2331.0,1166.0,1166.0,17.0,3806.2346368715084,0.0,1.0336349065631807
1800000.0,8.915567,6.075017672713017E-6,1800000.0,77.8921111111111,55.65427189668869,55.72440096841954,53.90204262249885,1800000.0,4825288.0,2439.0,1220.0,1220.0,17.0,3806.2346368715084,0.0,1.0336349065631807
1900000.0,9.427314,6.73963745219219E-6,1900000.0,77.6741052631579,55.21786877519755,55.28801407368448,53.443000074633105,1900000.0,5020192.0,2549.0,1275.0,1275.0,17.0,3806.2346368715084,0.0,1.0336349065631807
2000000.0,10.057122,7.59712003790049E-6,2000000.0,77.45455,54.775772347188635,54.852665832290356,52.981040548741696,2000000.0,5262832.0,2661.0,1331.0,1331.0,17.0,3826.031555221638,0.0,1.0334581717869284

Ahora HoeffdingAdaptativeTree
learning evaluation instances,evaluation time (cpu seconds),model cost (RAM-Hours),classified instances,classifications correct (percent),Kappa Statistic (percent),Kappa Temporal Statistic (percent),Kappa M Statistic (percent),model training instances,model serialized size (bytes),tree size (nodes),tree size (leaves),active learning leaves,tree depth,active leaf byte size estimate,inactive leaf byte size estimate,byte size estimate overhead
100000.0,1.414156,6.46225372950236E-9,100000.0,96.515,93.02210453360902,92.99328481241706,92.74321172746959,100000.0,17664.0,156.0,23.0,23.0,2.0,0.0,0.0,1.0
200000.0,2.405992,1.1368229339520137E-8,200000.0,96.229,92.45075607996583,92.44265859695182,92.15592465860279,200000.0,19120.0,371.0,86.0,86.0,2.0,0.0,0.0,1.0
300000.0,3.372386,1.7150387047893472E-8,300000.0,96.29133333333333,92.57685008269253,92.57895614473904,92.28577173483467,300000.0,23128.0,573.0,161.0,161.0,2.0,0.0,0.0,1.0
400000.0,4.343361,2.0327462539490728E-8,400000.0,96.255,92.50356739289096,92.5024649773022,92.2074949541189,400000.0,12648.0,788.0,231.0,231.0,1.0,0.0,0.0,1.0
500000.0,5.37338,2.1749328594240878E-8,500000.0,96.1894,92.37198517060686,92.37504852387374,92.06581215800915,500000.0,5336.0,978.0,271.0,271.0,0.0,0.0,0.0,1.0
600000.0,6.303551,2.5878640688541864E-8,600000.0,96.30733333333333,92.60809642861652,92.60552216240751,92.31433655824087,600000.0,17160.0,1223.0,384.0,384.0,1.0,0.0,0.0,1.0
700000.0,7.321369,3.7169383973297144E-8,700000.0,96.27071428571429,92.53534959388803,92.53530752359792,92.24208383482667,700000.0,42880.0,1487.0,479.0,479.0,4.0,0.0,0.0,1.0
800000.0,8.258191,5.1173713205175266E-8,800000.0,96.307,92.60784899373495,92.607790544057,92.31529553754434,800000.0,57784.0,1721.0,565.0,565.0,4.0,0.0,0.0,1.0
900000.0,9.206069,5.65979069740408E-8,900000.0,96.2851111111111,92.56420644550435,92.56280155088076,92.27023877781271,900000.0,22120.0,1925.0,633.0,633.0,2.0,0.0,0.0,1.0
1000000.0,10.140389,6.248594435759717E-8,1000000.0,96.2456,92.48481666772777,92.48285597012683,92.18207942027779,1000000.0,24360.0,2124.0,700.0,700.0,3.0,0.0,0.0,1.0
1100000.0,11.071663,7.532801065800919E-8,1100000.0,96.28245454545454,92.55858589665166,92.55707371942464,92.25872036891903,1100000.0,53304.0,2346.0,780.0,780.0,4.0,0.0,0.0,1.0
1200000.0,12.014009,8.051576788847645E-8,1200000.0,96.2535,92.50046561694447,92.4985108147387,92.1957671957672,1200000.0,21280.0,2530.0,821.0,821.0,3.0,0.0,0.0,1.0
1300000.0,13.003662,9.013817160700757E-8,1300000.0,96.22661538461539,92.44663156222781,92.44458272237762,92.14108682870248,1300000.0,37584.0,2794.0,928.0,928.0,4.0,0.0,0.0,1.0
1400000.0,13.918339,9.313103741655747E-8,1400000.0,96.2695,92.53215045599691,92.53299439406265,92.22886510808493,1400000.0,12648.0,2958.0,962.0,962.0,1.0,0.0,0.0,1.0
1500000.0,14.863862,9.756136802749501E-8,1500000.0,96.22553333333333,92.44413467292645,92.44267299547364,92.13740139984446,1500000.0,18112.0,3169.0,1032.0,1032.0,2.0,0.0,0.0,1.0
1600000.0,15.804062,1.0051515815572607E-7,1600000.0,96.24575,92.48451860597417,92.48088865411312,92.17647602785668,1600000.0,12144.0,3391.0,1117.0,1117.0,1.0,0.0,0.0,1.0
1700000.0,16.714889,1.0302039328755604E-7,1700000.0,96.26794117647059,92.52897452211045,92.5256997179687,92.22189393725778,1700000.0,10632.0,3548.0,1136.0,1136.0,1.0,0.0,0.0,1.0
1800000.0,17.680425,1.098265309818089E-7,1800000.0,96.2538888888889,92.50075508640859,92.49764125752128,92.1888484604166,1800000.0,27248.0,3762.0,1187.0,1187.0,3.0,0.0,0.0,1.0
1900000.0,18.630323,1.2555581158027053E-7,1900000.0,96.247,92.4868995212139,92.48388093022079,92.17373266426964,1900000.0,64008.0,3952.0,1238.0,1238.0,4.0,0.0,0.0,1.0
2000000.0,19.575467,1.3663502281531692E-7,2000000.0,96.24925,92.49138450975714,92.48911138923654,92.17774042381912,2000000.0,45312.0,4129.0,1286.0,1286.0,4.0,0.0,0.0,1.0


El valor de la semilla es:  2

Primero HoeffdingTree: 
learning evaluation instances,evaluation time (cpu seconds),model cost (RAM-Hours),classified instances,classifications correct (percent),Kappa Statistic (percent),Kappa Temporal Statistic (percent),Kappa M Statistic (percent),model training instances,model serialized size (bytes),tree size (nodes),tree size (leaves),active learning leaves,tree depth,active leaf byte size estimate,inactive leaf byte size estimate,byte size estimate overhead
100000.0,0.687747,3.385331615805626E-8,100000.0,85.866,46.97809170162072,49.806456195177375,16.554492856299422,100000.0,190272.0,97.0,49.0,49.0,9.0,0.0,0.0,1.0
200000.0,1.114404,7.735753995676836E-8,200000.0,85.1145,42.096160398204844,47.159262348911106,12.273102310231074,200000.0,394144.0,199.0,100.0,100.0,11.0,0.0,0.0,1.0
300000.0,1.477402,1.294290628284216E-7,300000.0,84.72800000000001,39.56880639215922,45.96723786161595,10.199921599372832,300000.0,554496.0,279.0,140.0,140.0,11.0,0.0,0.0,1.0
400000.0,1.843828,1.9972878880798817E-7,400000.0,84.57975,38.135683018718574,45.5744677096293,9.6632932526838,400000.0,741600.0,375.0,188.0,188.0,13.0,0.0,0.0,1.0
500000.0,2.209867,2.855144765228033E-7,500000.0,84.39219999999999,36.54196387058464,44.81717449564767,8.410304559591516,500000.0,905920.0,453.0,227.0,227.0,13.0,0.0,0.0,1.0
600000.0,2.565783,3.805815563764837E-7,600000.0,84.21683333333333,35.0022114698107,44.2267938018646,7.4491062440749936,600000.0,1032488.0,517.0,259.0,259.0,13.0,0.0,0.0,1.0
700000.0,2.934889,4.95162556361821E-7,700000.0,84.20685714285713,34.16808746163545,44.114004357562784,7.2168928502488,700000.0,1199952.0,605.0,303.0,303.0,14.0,0.0,0.0,1.0
800000.0,3.300308,6.232086933900913E-7,800000.0,84.153375,33.41097883465943,43.90897868706667,6.894778974889985,800000.0,1354496.0,679.0,340.0,340.0,14.0,0.0,0.0,1.0
900000.0,3.665501,7.650930408512552E-7,900000.0,84.107,32.736596717986416,43.73583925986531,6.641124716079687,900000.0,1501808.0,753.0,377.0,377.0,15.0,0.0,0.0,1.0
1000000.0,4.102035,9.515314633109503E-7,1000000.0,84.0631,32.12604745548074,43.580003469407266,6.371941368269554,1000000.0,1650896.0,835.0,418.0,418.0,16.0,3821.4736842105262,0.0,1.0335049481149083
1100000.0,4.469323,1.1240348998498585E-6,1100000.0,84.09736363636362,31.970558606728673,43.69769807142671,6.5480324383233635,1100000.0,1815488.0,915.0,458.0,458.0,16.0,3821.4736842105262,0.0,1.0335049481149083
1200000.0,4.858418,1.3289648598618804E-6,1200000.0,84.12033333333333,31.92503463963669,43.77635170022865,6.686711293710883,1200000.0,2035880.0,1023.0,512.0,512.0,16.0,3821.4736842105262,0.0,1.0335049481149083
1300000.0,5.243882,1.5472587091910341E-6,1300000.0,84.08423076923077,31.63293768948231,43.66452203129553,6.544019006924358,1300000.0,2189072.0,1101.0,551.0,551.0,16.0,3821.4736842105262,0.0,1.0335049481149083
1400000.0,5.624857,1.7786890597351723E-6,1400000.0,84.09035714285714,31.39957645362098,43.63636363636364,6.46024240082646,1400000.0,2348152.0,1179.0,590.0,590.0,16.0,3821.4736842105262,0.0,1.0335049481149083
1500000.0,6.003259,2.0210255955242448E-6,1500000.0,84.0514,31.01995181553756,43.52732054039124,6.268512859090669,1500000.0,2475528.0,1247.0,624.0,624.0,16.0,3821.4736842105262,0.0,1.0335049481149083
1600000.0,6.394327,2.28867495716446E-6,1600000.0,84.0288125,30.693946137929,43.436040463067506,6.12535036901253,1600000.0,2645552.0,1337.0,669.0,669.0,16.0,3821.4736842105262,0.0,1.0335049481149083
1700000.0,6.790946,2.577847962629878E-6,1700000.0,83.99382352941176,30.311893418075453,43.308741877214935,5.932276632153897,1700000.0,2818296.0,1417.0,709.0,709.0,16.0,3821.4736842105262,0.0,1.0335049481149083
1800000.0,7.17922,2.8741434089280665E-6,1800000.0,83.97733333333333,29.982560389731418,43.23738670917842,5.806582252022509,1800000.0,2949776.0,1483.0,742.0,742.0,17.0,3821.4736842105262,0.0,1.0335049481149083
1900000.0,7.574037,3.19224811591001E-6,1900000.0,83.96994736842105,29.693553485897827,43.20163660505154,5.724544596288685,1900000.0,3114416.0,1567.0,784.0,784.0,17.0,3821.4736842105262,0.0,1.0335049481149083
2000000.0,8.04016,3.5843602084844474E-6,2000000.0,83.95655,29.391715164887273,43.14542993224278,5.578165232104751,2000000.0,3251712.0,1635.0,818.0,818.0,17.0,3847.1784841075796,0.0,1.033276220594142

Ahora HoeffdingAdaptativeTree
learning evaluation instances,evaluation time (cpu seconds),model cost (RAM-Hours),classified instances,classifications correct (percent),Kappa Statistic (percent),Kappa Temporal Statistic (percent),Kappa M Statistic (percent),model training instances,model serialized size (bytes),tree size (nodes),tree size (leaves),active learning leaves,tree depth,active leaf byte size estimate,inactive leaf byte size estimate,byte size estimate overhead
100000.0,1.368683,8.503567770951325E-9,100000.0,92.54400000000001,73.22398360655062,73.52178699527684,55.98063525799978,100000.0,24016.0,173.0,68.0,68.0,3.0,0.0,0.0,1.0
200000.0,2.329957,9.830536370476088E-9,200000.0,92.6195,73.90675058301876,73.80060701797979,56.50341819896276,200000.0,5336.0,339.0,110.0,110.0,0.0,0.0,0.0,1.0
300000.0,3.286447,1.5955286274353665E-8,300000.0,92.72833333333334,74.34798898604988,74.2726404302242,57.242257938063524,300000.0,24752.0,501.0,152.0,152.0,2.0,0.0,0.0,1.0
400000.0,4.198066,1.8819284575680893E-8,400000.0,92.80825,74.64847754960093,74.61683034650714,57.86845150046135,400000.0,12144.0,680.0,219.0,219.0,1.0,0.0,0.0,1.0
500000.0,5.11786,2.4948911753793558E-8,500000.0,92.81960000000001,74.77322008446706,74.61302936663391,57.86397511883106,500000.0,25760.0,842.0,265.0,265.0,3.0,0.0,0.0,1.0
600000.0,5.988319,3.366460226476192E-8,600000.0,92.76416666666667,74.5316114229751,74.43063023799569,57.56980482989809,600000.0,38704.0,1006.0,318.0,318.0,4.0,0.0,0.0,1.0
700000.0,6.884568,4.236585399963789E-8,700000.0,92.75,74.39296976751525,74.34497540656263,57.40698777181894,700000.0,37528.0,1119.0,312.0,312.0,4.0,0.0,0.0,1.0
800000.0,7.817285,4.66956434936987E-8,800000.0,92.817125,74.63616760174662,74.57535628481547,57.7977541293028,800000.0,17944.0,1271.0,351.0,351.0,2.0,0.0,0.0,1.0
900000.0,8.734445,4.9577049741314514E-8,900000.0,92.78999999999999,74.58381039615367,74.4752659072314,57.646920606740956,900000.0,12144.0,1341.0,310.0,310.0,1.0,0.0,0.0,1.0
1000000.0,9.623388,5.580464248235027E-8,1000000.0,92.74860000000001,74.40884003062457,74.32851038521042,57.39858414358313,1000000.0,27080.0,1462.0,323.0,323.0,2.0,0.0,0.0,1.0
1100000.0,10.538981,5.97498586587608E-8,1100000.0,92.72045454545454,74.30287646951305,74.2272188892036,57.221693930101615,1100000.0,16656.0,1613.0,373.0,373.0,2.0,0.0,0.0,1.0
1200000.0,11.440148,6.103302019958695E-8,1200000.0,92.74158333333334,74.38133353949117,74.30080401268717,57.34754738970965,1200000.0,5504.0,1772.0,403.0,403.0,0.0,0.0,0.0,1.0
1300000.0,12.312636,6.384992180392147E-8,1300000.0,92.63153846153847,73.9791308340559,73.91858372382399,56.73304937373813,1300000.0,12480.0,1879.0,411.0,411.0,1.0,0.0,0.0,1.0
1400000.0,13.220621,6.786758929698005E-8,1400000.0,92.65528571428572,74.02742196674804,73.97962927816792,56.817208274888934,1400000.0,17104.0,2009.0,435.0,435.0,2.0,0.0,0.0,1.0
1500000.0,14.163367,7.711586261995966E-8,1500000.0,92.64893333333333,74.02970919945854,73.9704781891275,56.79705988371184,1500000.0,37920.0,2152.0,454.0,454.0,3.0,0.0,0.0,1.0
1600000.0,15.086016,7.989421370956633E-8,1600000.0,92.652125,74.02563152270409,73.976581003608,56.81102665927048,1600000.0,11640.0,2280.0,472.0,472.0,1.0,0.0,0.0,1.0
1700000.0,15.952406,8.239018900526895E-8,1700000.0,92.65276470588235,74.00258764634394,73.97729474537321,56.820562460028,1700000.0,11136.0,2368.0,450.0,450.0,1.0,0.0,0.0,1.0
1800000.0,16.852803,9.353185689904624E-8,1800000.0,92.6395,73.93473701842596,73.9243645381277,56.72938433049084,1800000.0,47832.0,2497.0,464.0,464.0,5.0,0.0,0.0,1.0
1900000.0,17.767359,9.950733283120725E-8,1900000.0,92.62352631578948,73.8533966548389,73.86336511062376,56.617708510671235,1900000.0,25256.0,2605.0,463.0,463.0,3.0,0.0,0.0,1.0
2000000.0,18.667913,1.0658601374882791E-7,2000000.0,92.64715,73.92670309941111,73.94306551753466,56.725667623041275,2000000.0,30384.0,2710.0,448.0,448.0,3.0,0.0,0.0,1.0


El valor de la semilla es:  3

Primero HoeffdingTree: 
learning evaluation instances,evaluation time (cpu seconds),model cost (RAM-Hours),classified instances,classifications correct (percent),Kappa Statistic (percent),Kappa Temporal Statistic (percent),Kappa M Statistic (percent),model training instances,model serialized size (bytes),tree size (nodes),tree size (leaves),active learning leaves,tree depth,active leaf byte size estimate,inactive leaf byte size estimate,byte size estimate overhead
100000.0,0.772915,7.798192867388327E-8,100000.0,87.551,73.74637723941852,73.7107741690248,67.66829420319968,100000.0,390000.0,195.0,98.0,98.0,9.0,0.0,0.0,1.0
200000.0,1.249808,1.6140349291265012E-7,200000.0,83.28649999999999,64.72432684587528,64.65593808154287,56.52394454126889,200000.0,676176.0,341.0,171.0,171.0,11.0,0.0,0.0,1.0
300000.0,1.668093,2.58713415670726E-7,300000.0,81.16733333333333,60.1561813824605,60.19417475728156,50.9378582097329,300000.0,899264.0,455.0,228.0,228.0,12.0,0.0,0.0,1.0
400000.0,2.099379,3.8849807375007204E-7,400000.0,80.02725000000001,57.66100509922924,57.75578081293592,47.88380497605909,400000.0,1163216.0,583.0,292.0,292.0,13.0,0.0,0.0,1.0
500000.0,2.555768,5.615784409683612E-7,500000.0,79.0904,55.582858948689406,55.82914360556003,45.418000135739774,500000.0,1465936.0,739.0,370.0,370.0,14.0,0.0,0.0,1.0
600000.0,2.994303,7.541536667197943E-7,600000.0,78.27933333333334,53.7793545466533,54.08345899629353,43.3230988684103,600000.0,1697456.0,853.0,427.0,427.0,14.0,0.0,0.0,1.0
700000.0,3.437768,9.74701372122185E-7,700000.0,77.60328571428572,52.25134629628121,52.61501913207479,41.53013616376948,700000.0,1922408.0,969.0,485.0,485.0,14.0,0.0,0.0,1.0
800000.0,3.88457,1.2210591558718847E-6,800000.0,76.910625,50.70571355909785,51.16925208049149,39.69868111778532,800000.0,2131344.0,1079.0,540.0,540.0,14.0,0.0,0.0,1.0
900000.0,4.324812,1.482654755026516E-6,900000.0,76.37233333333333,49.56153360170518,50.013281273873964,38.33079095881352,900000.0,2296896.0,1161.0,581.0,581.0,15.0,0.0,0.0,1.0
1000000.0,4.860562,1.8347181575600473E-6,1000000.0,76.018,48.74645904390496,49.25217744597648,37.38495641071833,1000000.0,2540160.0,1279.0,640.0,640.0,15.0,3840.975,0.0,1.033331380704118
1100000.0,5.322441,2.1675918869529335E-6,1100000.0,75.68845454545455,47.99711252337254,48.57865287365161,36.53663606937073,1100000.0,2785824.0,1405.0,703.0,703.0,15.0,3840.975,0.0,1.033331380704118
1200000.0,5.785332,2.5267544490202436E-6,1200000.0,75.48291666666667,47.55340360581494,48.13019769075756,36.05587517414805,1200000.0,2999264.0,1509.0,755.0,755.0,15.0,3840.975,0.0,1.033331380704118
1300000.0,6.246319,2.9016251819166875E-6,1300000.0,75.21046153846154,46.928777896934115,47.59364028276251,35.341456514629556,1300000.0,3143368.0,1585.0,793.0,793.0,15.0,3840.975,0.0,1.033331380704118
1400000.0,6.72445,3.317798125100219E-6,1400000.0,74.91421428571428,46.27417948154999,46.965313118195134,34.55044558496305,1400000.0,3364568.0,1699.0,850.0,850.0,15.0,3840.975,0.0,1.033331380704118
1500000.0,7.199754,3.7576254538053442E-6,1500000.0,74.60506666666666,45.58916567927645,46.30153825333814,33.727913595969284,1500000.0,3576952.0,1807.0,904.0,904.0,15.0,3840.975,0.0,1.033331380704118
1600000.0,7.679449,4.226259082338463E-6,1600000.0,74.2515625,44.80255498117595,45.56700949199839,32.77839510100986,1600000.0,3776336.0,1899.0,950.0,950.0,16.0,3840.975,0.0,1.033331380704118
1700000.0,8.153753,4.706336178827203E-6,1700000.0,73.99164705882353,44.21310444069811,45.04801782755839,32.106107720066035,1700000.0,3912520.0,1969.0,985.0,985.0,16.0,3840.975,0.0,1.033331380704118
1800000.0,8.630988,5.2071395737119015E-6,1800000.0,73.82611111111112,43.84333659328977,44.69714488284548,31.70277013088866,1800000.0,4056368.0,2045.0,1023.0,1023.0,16.0,3840.975,0.0,1.033331380704118
1900000.0,9.122061,5.746365336005886E-6,1900000.0,73.66647368421053,43.49235831353136,44.37411892363042,31.283150715409963,1900000.0,4244504.0,2135.0,1068.0,1068.0,16.0,3840.975,0.0,1.033331380704118
2000000.0,9.701102,6.406422276198864E-6,2000000.0,73.4734,43.05882956090629,43.96116283344002,30.76417128211017,2000000.0,4406304.0,2223.0,1112.0,1112.0,17.0,3834.4892086330933,0.0,1.0333849912006514

Ahora HoeffdingAdaptativeTree
learning evaluation instances,evaluation time (cpu seconds),model cost (RAM-Hours),classified instances,classifications correct (percent),Kappa Statistic (percent),Kappa Temporal Statistic (percent),Kappa M Statistic (percent),model training instances,model serialized size (bytes),tree size (nodes),tree size (leaves),active learning leaves,tree depth,active leaf byte size estimate,inactive leaf byte size estimate,byte size estimate overhead
100000.0,1.463411,1.4652772119475735E-8,100000.0,95.973,91.5138190416348,91.49596654981626,89.5413463536256,100000.0,38704.0,246.0,98.0,98.0,3.0,0.0,0.0,1.0
200000.0,2.393258,2.5237063811057142E-8,200000.0,96.2295,92.03833472086828,92.02651835560819,90.19197253075984,200000.0,44000.0,415.0,146.0,146.0,5.0,0.0,0.0,1.0
300000.0,3.396788,2.9939191287590396E-8,300000.0,96.29066666666667,92.1591630378346,92.15973621542408,90.33658689082637,300000.0,18112.0,622.0,213.0,213.0,2.0,0.0,0.0,1.0
400000.0,4.346186,3.948654093676143E-8,400000.0,96.3125,92.20392757329603,92.20059539861568,90.37796652184691,400000.0,38872.0,806.0,261.0,261.0,3.0,0.0,0.0,1.0
500000.0,5.286527,4.88883196707401E-8,500000.0,96.2826,92.14040491415383,92.14711225653808,90.29617370512103,500000.0,38648.0,981.0,310.0,310.0,5.0,0.0,0.0,1.0
600000.0,6.278681,5.850834685274296E-8,600000.0,96.24166666666667,92.05123578917609,92.05504742308723,90.19317914952467,600000.0,37480.0,1217.0,398.0,398.0,4.0,0.0,0.0,1.0
700000.0,7.25076,6.152004178199503E-8,700000.0,96.29671428571429,92.1669234528626,92.16491667120034,90.33203671312371,700000.0,11976.0,1380.0,430.0,430.0,1.0,0.0,0.0,1.0
800000.0,8.158942,6.719073060899973E-8,800000.0,96.285625,92.14112774427218,92.14462455984518,90.29936014625227,800000.0,24136.0,1611.0,516.0,516.0,2.0,0.0,0.0,1.0
900000.0,9.114203,7.611892416659329E-8,900000.0,96.3548888888889,92.28977582828988,92.28839874850439,90.48610587491518,900000.0,36128.0,1804.0,572.0,572.0,4.0,0.0,0.0,1.0
1000000.0,10.058896,8.81938813916511E-8,1000000.0,96.3494,92.27763075082707,92.27503957068976,90.46858151417597,1000000.0,49408.0,1955.0,589.0,589.0,5.0,0.0,0.0,1.0
1100000.0,10.956313,9.072723771548934E-8,1100000.0,96.32454545454546,92.22311449302116,92.22604649374122,90.40551700570495,1100000.0,10912.0,2079.0,592.0,592.0,1.0,0.0,0.0,1.0
1200000.0,11.826394,9.589531736241447E-8,1200000.0,96.352,92.28392688459458,92.28207384004557,90.4854845825989,1200000.0,22960.0,2222.0,611.0,611.0,2.0,0.0,0.0,1.0
1300000.0,12.750807,9.88396866598891E-8,1300000.0,96.318,92.21264003647978,92.21606256291336,90.39624083834764,1300000.0,12312.0,2419.0,666.0,666.0,1.0,0.0,0.0,1.0
1400000.0,13.686428,1.0808583705375592E-7,1400000.0,96.33,92.23868902455489,92.24113196720076,90.42486181461729,1400000.0,38200.0,2558.0,681.0,681.0,3.0,0.0,0.0,1.0
1500000.0,14.611711,1.1063083350037535E-7,1500000.0,96.3038,92.1824843696048,92.18425771382172,90.35418275955655,1500000.0,10632.0,2715.0,709.0,709.0,1.0,0.0,0.0,1.0
1600000.0,15.518314,1.1744184154396257E-7,1600000.0,96.338625,92.2554494264756,92.259740397015,90.44122566128372,1600000.0,29040.0,2889.0,749.0,749.0,3.0,0.0,0.0,1.0
1700000.0,16.416764,1.2623883922273914E-7,1700000.0,96.33,92.23679325780792,92.24580752848944,90.419593842374,1700000.0,37848.0,3098.0,833.0,833.0,4.0,0.0,0.0,1.0
1800000.0,17.380017,1.3836961482548053E-7,1800000.0,96.32544444444444,92.22812481201895,92.2360252092653,90.41174330226738,1800000.0,48680.0,3290.0,898.0,898.0,4.0,0.0,0.0,1.0
1900000.0,18.347747,1.4307223511652815E-7,1900000.0,96.31494736842106,92.20603480845374,92.21584314283555,90.38392339661098,1900000.0,18784.0,3459.0,922.0,922.0,2.0,0.0,0.0,1.0
2000000.0,19.308368,1.4884768513134784E-7,2000000.0,96.30969999999999,92.19439407839897,92.20404722822539,90.36812185814884,2000000.0,23240.0,3653.0,980.0,980.0,3.0,0.0,0.0,1.0


El valor de la semilla es:  4

Primero HoeffdingTree: 
learning evaluation instances,evaluation time (cpu seconds),model cost (RAM-Hours),classified instances,classifications correct (percent),Kappa Statistic (percent),Kappa Temporal Statistic (percent),Kappa M Statistic (percent),model training instances,model serialized size (bytes),tree size (nodes),tree size (leaves),active learning leaves,tree depth,active leaf byte size estimate,inactive leaf byte size estimate,byte size estimate overhead
100000.0,0.735566,5.41006204734246E-8,100000.0,87.336,74.30955409214755,74.12500255399138,70.26113094119857,100000.0,284304.0,143.0,72.0,72.0,10.0,0.0,0.0,1.0
200000.0,1.195407,1.1962254361146027E-7,200000.0,83.6135,66.57931940187257,66.50073595551558,61.627716373173456,200000.0,550784.0,281.0,141.0,141.0,11.0,0.0,0.0,1.0
300000.0,1.617641,2.0856117931918965E-7,300000.0,82.70533333333333,64.6506117592218,64.633065670543,59.56166604314751,300000.0,814216.0,421.0,211.0,211.0,12.0,0.0,0.0,1.0
400000.0,2.056536,3.3353599194851186E-7,400000.0,81.80775,62.89085304393653,62.818704844824595,57.450005847269324,400000.0,1100688.0,557.0,279.0,279.0,13.0,0.0,0.0,1.0
500000.0,2.481911,4.834328787691063E-7,500000.0,81.1632,61.61563189177939,61.53918401849047,55.96223891972264,500000.0,1362144.0,687.0,344.0,344.0,14.0,0.0,0.0,1.0
600000.0,2.926513,6.704940242320299E-7,600000.0,80.52,60.30873655568105,60.26517083120857,54.51361322561061,600000.0,1626352.0,827.0,414.0,414.0,15.0,0.0,0.0,1.0
700000.0,3.361775,8.80110502950847E-7,700000.0,79.37557142857142,57.993965080707625,57.95419464944111,51.8512960072571,700000.0,1861560.0,941.0,471.0,471.0,16.0,0.0,0.0,1.0
800000.0,3.793,1.1109512256189353E-6,800000.0,78.567125,56.32341730069326,56.28865401185943,49.97782795661283,800000.0,2069240.0,1047.0,524.0,524.0,17.0,0.0,0.0,1.0
900000.0,4.241324,1.3781007806563542E-6,900000.0,78.03766666666667,55.22195332420864,55.19801082531711,48.73777192236274,900000.0,2303376.0,1167.0,584.0,584.0,17.0,0.0,0.0,1.0
1000000.0,4.765759,1.7227828990978498E-6,1000000.0,77.4269,53.994960643968625,53.92849999387702,47.271308739333655,1000000.0,2540560.0,1285.0,643.0,643.0,18.0,3823.0793157076205,0.0,1.033487373079927
1100000.0,5.214139,2.0427979290795823E-6,1100000.0,76.77363636363637,52.67415234969859,52.580870875719896,45.759984374867315,1100000.0,2758840.0,1391.0,696.0,696.0,18.0,3823.0793157076205,0.0,1.033487373079927
1200000.0,5.668569,2.3893509667056303E-6,1200000.0,76.24883333333334,51.58704894848501,51.475002341003304,44.52854498708649,1200000.0,2947848.0,1487.0,744.0,744.0,18.0,3823.0793157076205,0.0,1.033487373079927
1300000.0,6.116337,2.7471334705191355E-6,1300000.0,75.52707692307692,50.09084031772488,49.986323378219886,42.83249987871034,1300000.0,3088648.0,1565.0,783.0,783.0,18.0,3823.0793157076205,0.0,1.033487373079927
1400000.0,6.575126,3.136435428657052E-6,1400000.0,74.95171428571429,48.90311381200313,48.81576354679804,41.48504988377974,1400000.0,3280016.0,1649.0,825.0,825.0,18.0,3823.0793157076205,0.0,1.033487373079927
1500000.0,7.041292,3.5541928092617957E-6,1500000.0,74.63166666666666,48.26912470382097,48.14040013083296,40.71729694866034,1500000.0,3464064.0,1749.0,875.0,875.0,18.0,3823.0793157076205,0.0,1.033487373079927
1600000.0,7.511483,3.998605327063965E-6,1600000.0,74.33375,47.65979350182464,47.538395108727585,40.00969988780852,1600000.0,3653544.0,1839.0,920.0,920.0,18.0,3823.0793157076205,0.0,1.033487373079927
1700000.0,7.995739,4.482108840201465E-6,1700000.0,73.96558823529412,46.89722137085566,46.790169914147256,39.173272715278394,1700000.0,3859464.0,1945.0,973.0,973.0,18.0,3823.0793157076205,0.0,1.033487373079927
1800000.0,8.481049,4.990547347110179E-6,1800000.0,73.67905555555555,46.29427708990917,46.198081978662145,38.510846782305094,1800000.0,4049688.0,2039.0,1020.0,1020.0,18.0,3823.0793157076205,0.0,1.033487373079927
1900000.0,8.979373,5.5401422490841815E-6,1900000.0,73.38784210526316,45.6966182228188,45.614467213643735,37.81992001692139,1900000.0,4263176.0,2149.0,1075.0,1075.0,18.0,3823.0793157076205,0.0,1.033487373079927
2000000.0,9.562265,6.209676203934683E-6,2000000.0,73.0467,44.985574695224294,44.89418730411208,36.997473195064195,2000000.0,4440040.0,2239.0,1120.0,1120.0,18.0,3836.307142857143,0.0,1.0333691440615325

Ahora HoeffdingAdaptativeTree
learning evaluation instances,evaluation time (cpu seconds),model cost (RAM-Hours),classified instances,classifications correct (percent),Kappa Statistic (percent),Kappa Temporal Statistic (percent),Kappa M Statistic (percent),model training instances,model serialized size (bytes),tree size (nodes),tree size (leaves),active learning leaves,tree depth,active leaf byte size estimate,inactive leaf byte size estimate,byte size estimate overhead
100000.0,1.381048,1.0335341029696994E-8,100000.0,96.095,91.98980997162607,92.02133093598675,90.82988916024797,100000.0,28928.0,183.0,57.0,57.0,3.0,0.0,0.0,1.0
200000.0,2.360002,1.64762949405445E-8,200000.0,96.0985,91.9971108255239,92.0240820999264,90.86385350318471,200000.0,24248.0,391.0,132.0,132.0,2.0,0.0,0.0,1.0
300000.0,3.348934,1.9583184516264335E-8,300000.0,96.126,92.06019976595321,92.07781761666509,90.94182566404788,300000.0,12144.0,599.0,214.0,214.0,1.0,0.0,0.0,1.0
400000.0,4.357867,5.049949701461527E-8,400000.0,96.11874999999999,92.04350800675216,92.06750666789294,90.922114372588,400000.0,118448.0,844.0,308.0,308.0,5.0,0.0,0.0,1.0
500000.0,5.358692,5.54768625046644E-8,500000.0,96.15740000000001,92.12532479449342,92.15421241980866,91.01654735798684,500000.0,19224.0,1023.0,352.0,352.0,2.0,0.0,0.0,1.0
600000.0,6.306824,6.101043404597375E-8,600000.0,96.1355,92.08279790785785,92.11728709841917,90.9762760939616,600000.0,22560.0,1208.0,400.0,400.0,3.0,0.0,0.0,1.0
700000.0,7.258865,6.567819201283984E-8,700000.0,96.02785714285714,91.8638448085179,91.90222677842303,90.72684462587212,700000.0,18952.0,1396.0,465.0,465.0,2.0,0.0,0.0,1.0
800000.0,8.216536,7.301159712175527E-8,800000.0,96.074125,91.96075800522718,91.99336157976047,90.83740307024453,800000.0,29600.0,1564.0,508.0,508.0,3.0,0.0,0.0,1.0
900000.0,9.152667,7.599328969294824E-8,900000.0,96.06866666666667,91.94926753597794,91.9802895817656,90.82388456072285,900000.0,12312.0,1723.0,537.0,537.0,1.0,0.0,0.0,1.0
1000000.0,10.161226,8.246606739030942E-8,1000000.0,96.0264,91.86172029106497,91.88991709493467,90.71803484707976,1000000.0,24808.0,1892.0,573.0,573.0,2.0,0.0,0.0,1.0
1100000.0,11.090606,8.636105397509202E-8,1100000.0,96.0270909090909,91.86297272529175,91.88887713417633,90.72215287154272,1100000.0,16200.0,2106.0,659.0,659.0,2.0,0.0,0.0,1.0
1200000.0,12.006959,1.002642178514765E-7,1200000.0,96.01075,91.82885449043113,91.84973312562249,90.68300496493794,1200000.0,58648.0,2280.0,696.0,696.0,4.0,0.0,0.0,1.0
1300000.0,12.925453,1.126125970130993E-7,1300000.0,96.01776923076923,91.84251164670387,91.86178123064444,90.69771202780139,1300000.0,51968.0,2459.0,752.0,752.0,5.0,0.0,0.0,1.0
1400000.0,13.951885,1.1882832672653924E-7,1400000.0,96.00942857142857,91.82521164351314,91.84557562488597,90.67768186846834,1400000.0,23408.0,2669.0,817.0,817.0,2.0,0.0,0.0,1.0
1500000.0,14.909336,1.2129535158061316E-7,1500000.0,96.02239999999999,91.85145196400101,91.86873092019188,90.70483359869883,1500000.0,9960.0,2868.0,871.0,871.0,1.0,0.0,0.0,1.0
1600000.0,15.874978,1.2884367931220265E-7,1600000.0,96.0138125,91.83397790870593,91.85226538167713,90.68299481114434,1600000.0,30216.0,3064.0,941.0,941.0,2.0,0.0,0.0,1.0
1700000.0,16.829836,1.3360824827932647E-7,1700000.0,96.00635294117647,91.81946762736773,91.83767686616422,90.66925411205912,1700000.0,19288.0,3260.0,1000.0,1000.0,2.0,0.0,0.0,1.0
1800000.0,17.805681,1.3654678722429605E-7,1800000.0,95.99255555555555,91.79186174235224,91.80849312112834,90.63808800721606,1800000.0,11640.0,3432.0,1035.0,1035.0,1.0,0.0,0.0,1.0
1900000.0,18.775794,1.442565526585612E-7,1900000.0,95.97031578947369,91.74595702919456,91.76479699176953,90.58452578298318,1900000.0,30720.0,3653.0,1118.0,1118.0,3.0,0.0,0.0,1.0
2000000.0,19.725265,1.517885150015354E-7,2000000.0,95.9832,91.77169930685862,91.78768356984702,90.61085100265771,2000000.0,30664.0,3870.0,1203.0,1203.0,3.0,0.0,0.0,1.0


El valor de la semilla es:  5

Primero HoeffdingTree: 
learning evaluation instances,evaluation time (cpu seconds),model cost (RAM-Hours),classified instances,classifications correct (percent),Kappa Statistic (percent),Kappa Temporal Statistic (percent),Kappa M Statistic (percent),model training instances,model serialized size (bytes),tree size (nodes),tree size (leaves),active learning leaves,tree depth,active leaf byte size estimate,inactive leaf byte size estimate,byte size estimate overhead
100000.0,0.724005,4.336983114480972E-8,100000.0,79.475,58.30471831689508,58.31810243288249,53.18095759483563,100000.0,231552.0,115.0,58.0,58.0,9.0,0.0,0.0,1.0
200000.0,1.161657,8.852322600781918E-8,200000.0,77.452,54.23359076809638,54.26925729120189,48.46583701875279,200000.0,398808.0,201.0,101.0,101.0,11.0,0.0,0.0,1.0
300000.0,1.560602,1.4936272436132032E-7,300000.0,76.40599999999999,52.01168360858387,52.1219172337288,46.00709409207062,300000.0,589488.0,295.0,148.0,148.0,12.0,0.0,0.0,1.0
400000.0,1.975739,2.386914791104694E-7,400000.0,75.85475000000001,50.88615269373682,51.09228463205656,44.85843643484766,400000.0,831768.0,417.0,209.0,209.0,12.0,0.0,0.0,1.0
500000.0,2.372753,3.386475373121599E-7,500000.0,75.2782,49.730022384213214,49.95931454110444,43.64553984189073,500000.0,973208.0,489.0,245.0,245.0,12.0,0.0,0.0,1.0
600000.0,2.779874,4.578793410025537E-7,600000.0,75.01716666666667,49.19338885634936,49.45236152232707,43.035699356241125,600000.0,1132064.0,567.0,284.0,284.0,13.0,0.0,0.0,1.0
700000.0,3.186725,5.955767449053626E-7,700000.0,74.88828571428571,48.93084921572742,49.13715277777778,42.673676108976835,700000.0,1308256.0,657.0,329.0,329.0,13.0,0.0,0.0,1.0
800000.0,3.597418,7.540447832188673E-7,800000.0,74.680625,48.4822253424999,48.70544916760787,42.1869380811846,800000.0,1491512.0,747.0,374.0,374.0,13.0,0.0,0.0,1.0
900000.0,4.015259,9.322194659213225E-7,900000.0,74.42522222222222,47.933665438771264,48.196919808337626,41.61261437228733,900000.0,1648304.0,827.0,414.0,414.0,13.0,0.0,0.0,1.0
1000000.0,4.493111,1.15759376394252E-6,1000000.0,74.0719,47.18623073726987,47.47207286783386,40.83489833034025,1000000.0,1823112.0,915.0,458.0,458.0,14.0,3852.5589519650657,0.0,1.0332337379113978
1100000.0,4.912775,1.3742030517011881E-6,1100000.0,73.74427272727273,46.47282987796027,46.79278861033737,40.08725127371094,1100000.0,1995160.0,1001.0,501.0,501.0,14.0,3852.5589519650657,0.0,1.0332337379113978
1200000.0,5.337996,1.6119598882107271E-6,1200000.0,73.38383333333334,45.74419971176222,46.06133991282512,39.275359287869485,1200000.0,2161328.0,1083.0,542.0,542.0,14.0,3852.5589519650657,0.0,1.0332337379113978
1300000.0,5.763163,1.8654073259606958E-6,1300000.0,73.12976923076923,45.23113105188734,45.524963546905575,38.7216402973109,1300000.0,2304256.0,1155.0,578.0,578.0,15.0,3852.5589519650657,0.0,1.0332337379113978
1400000.0,6.205711,2.1502549340948463E-6,1400000.0,72.9362857142857,44.86820829675244,45.12318938185883,38.29864153180234,1400000.0,2488024.0,1251.0,626.0,626.0,15.0,3852.5589519650657,0.0,1.0332337379113978
1500000.0,6.650276,2.459479014368521E-6,1500000.0,72.79846666666666,44.606378058686744,44.85005602539997,38.003427852517234,1500000.0,2688688.0,1351.0,676.0,676.0,15.0,3852.5589519650657,0.0,1.0332337379113978
1600000.0,7.093073,2.785241709225294E-6,1600000.0,72.6713125,44.360223178387194,44.600128218447736,37.72649784450529,1600000.0,2843800.0,1431.0,716.0,716.0,15.0,3852.5589519650657,0.0,1.0332337379113978
1700000.0,7.545526,3.1371386999243665E-6,1700000.0,72.50488235294118,44.033370048577616,44.27026388989903,37.341801846968885,1700000.0,3006384.0,1509.0,755.0,755.0,15.0,3852.5589519650657,0.0,1.0332337379113978
1800000.0,8.000566,3.5114677781218457E-6,1800000.0,72.35277777777777,43.73313384497488,43.973286408920146,36.99524346688848,1800000.0,3179848.0,1593.0,797.0,797.0,16.0,3852.5589519650657,0.0,1.0332337379113978
1900000.0,8.466407,3.9162665035948156E-6,1900000.0,72.17663157894737,43.377351391661705,43.595603682731934,36.60012592570383,1900000.0,3358952.0,1687.0,844.0,844.0,16.0,3852.5589519650657,0.0,1.0332337379113978
2000000.0,9.016632,4.425866843931791E-6,2000000.0,72.06165,43.15218832860611,43.35513904052861,36.331120515397416,2000000.0,3580072.0,1795.0,898.0,898.0,16.0,3858.6993318485524,0.0,1.033176416808461

Ahora HoeffdingAdaptativeTree
learning evaluation instances,evaluation time (cpu seconds),model cost (RAM-Hours),classified instances,classifications correct (percent),Kappa Statistic (percent),Kappa Temporal Statistic (percent),Kappa M Statistic (percent),model training instances,model serialized size (bytes),tree size (nodes),tree size (leaves),active learning leaves,tree depth,active leaf byte size estimate,inactive leaf byte size estimate,byte size estimate overhead
100000.0,1.381324,5.891978666186333E-9,100000.0,90.469,80.59546059191725,80.64457170707932,78.25908437692465,100000.0,16488.0,154.0,33.0,33.0,1.0,0.0,0.0,1.0
200000.0,2.352032,1.1474941952361E-8,200000.0,90.93599999999999,81.53163611880404,81.61684176367987,79.28394299884579,200000.0,22232.0,312.0,62.0,62.0,3.0,0.0,0.0,1.0
300000.0,3.304251,1.28307958609528E-8,300000.0,90.846,81.33535314816712,81.4242616918519,79.0518326404516,300000.0,5504.0,483.0,104.0,104.0,0.0,0.0,0.0,1.0
400000.0,4.326534,2.514218651793069E-8,400000.0,90.98475,81.62547511279593,81.73904677024044,79.41147923791472,400000.0,46552.0,720.0,190.0,190.0,4.0,0.0,0.0,1.0
500000.0,5.286762,2.985008449397153E-8,500000.0,91.1344,81.93498568913041,82.05467639879038,79.79046420658152,500000.0,18952.0,849.0,181.0,181.0,2.0,0.0,0.0,1.0
600000.0,6.277598,3.7853731846229893E-8,600000.0,91.03933333333333,81.74128965179948,81.86992911723647,79.56844593413443,600000.0,31224.0,980.0,174.0,174.0,3.0,0.0,0.0,1.0
700000.0,7.330687,4.8391512905557945E-8,700000.0,91.07357142857143,81.80572462106508,81.91984953703704,79.62228585218861,700000.0,38680.0,1132.0,187.0,187.0,4.0,0.0,0.0,1.0
800000.0,8.354449,5.1133219003677366E-8,800000.0,91.06762499999999,81.79344720185571,81.90389124962647,79.60423790251225,800000.0,10352.0,1288.0,203.0,203.0,1.0,0.0,0.0,1.0
900000.0,9.306983,5.5513602735267746E-8,900000.0,91.17955555555555,82.02071900715259,82.133718038454,79.86286740551523,900000.0,17776.0,1389.0,182.0,182.0,2.0,0.0,0.0,1.0
1000000.0,10.312016,5.8540034813599456E-8,1000000.0,91.16199999999999,81.98866538693905,82.09503125974967,79.83264610378497,1000000.0,11640.0,1512.0,176.0,176.0,1.0,0.0,0.0,1.0
1100000.0,11.28175,6.517105389593376E-8,1100000.0,91.19509090909091,82.05616107117429,82.15685841034032,79.90814345221303,1100000.0,26432.0,1696.0,232.0,232.0,3.0,0.0,0.0,1.0
1200000.0,12.215202,7.568819554936555E-8,1200000.0,91.18191666666667,82.03052621011693,82.1298233703683,79.88159042989061,1200000.0,43552.0,1878.0,287.0,287.0,4.0,0.0,0.0,1.0
1300000.0,13.230974,8.04918311846753E-8,1300000.0,91.142,81.95207374328578,82.04184113468541,79.7990677896229,1300000.0,18280.0,1989.0,271.0,271.0,2.0,0.0,0.0,1.0
1400000.0,14.196495,8.33992817128698E-8,1400000.0,91.08207142857142,81.8321929246909,81.91720943570849,79.66841129896397,1400000.0,11640.0,2148.0,295.0,295.0,1.0,0.0,0.0,1.0
1500000.0,15.168848,1.0911356704102622E-7,1500000.0,91.09546666666667,81.85869864609019,81.94643998794339,79.7051682170001,1500000.0,102224.0,2320.0,331.0,331.0,5.0,0.0,0.0,1.0
1600000.0,16.152615,1.1051434179147085E-7,1600000.0,91.05681249999999,81.78324292202535,81.87064633753886,79.62128235912378,1600000.0,5504.0,2393.0,276.0,276.0,0.0,0.0,0.0,1.0
1700000.0,17.141497,1.1982839948187273E-7,1700000.0,91.03823529411764,81.74507794797651,81.83543752928564,79.5771730839608,1700000.0,36408.0,2580.0,314.0,314.0,3.0,0.0,0.0,1.0
1800000.0,18.131487,1.2280953293045362E-7,1800000.0,91.01905555555555,81.70364558491066,81.80024025119421,79.53348753768067,1800000.0,11640.0,2736.0,332.0,332.0,1.0,0.0,0.0,1.0
1900000.0,19.081741,1.2420388857109678E-7,1900000.0,90.99984210526316,81.66588326532172,81.75460048077386,79.49173987347466,1900000.0,5672.0,2883.0,356.0,356.0,0.0,0.0,0.0,1.0
2000000.0,20.08991,1.3676677931307088E-7,2000000.0,90.99615,81.6579176632214,81.74474042490209,79.48107026551536,2000000.0,48168.0,2988.0,328.0,328.0,3.0,0.0,0.0,1.0
